"hB_RNA_4697"	"hB_RNA_4442"	"hB_RNA_4746"	"hB_RNA_16015"	"hB_RNA_4663"	"hB_RNA_16605"	"hB_RNA_4581"	"hB_RNA_16945"	"hB_RNA_16025"	"hB_RNA_4674"	"hB_RNA_16395"	"hB_RNA_16935"	"hB_RNA_16225"	"hB_RNA_16845"	"hB_RNA_16385"	"hB_RNA_4701"	"hB_RNA_16775"	"hB_RNA_4831"	"hB_RNA_4498"	"hB_RNA_17105"	"hB_RNA_4688"	"hB_RNA_16435"	"hB_RNA_16345"	"hB_RNA_4591"	"hB_RNA_16485"	"hB_RNA_17145"	"hB_RNA_9227"	"hB_RNA_16065"	"hB_RNA_16535"	"hB_RNA_16315"	"hB_RNA_16115"	"hB_RNA_16295"	"hB_RNA_4389"	"hB_RNA_17045"
"ENSG00000006652"	552.58954421519	588.641076305631	523.386361666116	629.073257180033	522.129184649214	545.334944347346	497.170098451642	452.236861583976	535.219970103483	600.887502193403	557.276794971259	486.151013684522	486.071053591224	493.649303330156	471.801822130113	989.022823812896	667.925446159048	788.897230454278	525.23652245186	752.308395974456	624.399317101566	626.314760028777	557.420001552056	570.197485150955	664.218681313829	541.282869705208	680.766280010663	528.557585215678	574.047892991613	478.602037819551	563.274332327614	520.622112278525	850.008165208447	568.750981943741
"ENSG00000281120"	671.134936301895	299.325989481945	499.642996146746	443.009336042277	609.325809047372	319.067864187931	405.966635201005	215.43567028213	303.487367663074	544.21697429193	501.181276005505	385.011204893512	413.490308032353	372.383278816444	286.961714325891	799.149669302036	449.445160032256	633.463947130573	545.098407754662	597.700815171439	512.438060241975	631.436492879479	344.383046935897	569.181090346765	452.45326589996	483.688741384409	471.628049787952	308.661490603049	460.114723390224	280.352658136975	514.519463783604	476.933543415992	609.439816564547	389.53841870545
"ENSG00000181915"	350.969034839377	475.517876267304	595.648778464199	370.862101315392	449.640424607371	578.701518380071	578.363425491843	774.500136964684	722.252882733051	501.938961413052	472.673717186843	452.154439300989	712.610956396183	744.766557632888	945.646076390659	516.743395187783	1025.29677132358	625.643404573405	463.4439903987	449.139340880272	471.529139466355	466.809365535467	584.650288984197	321.180758124246	508.635927132211	497.450170275219	616.744372799629	877.5669830871	499.553128252243	874.099537691355	647.298680243888	597.077107787959	631.491915190238	796.500281059068
"ENSG00000147119"	222.155931627053	244.26602486152	269.435582632853	258.211155864641	126.067408768422	168.918281040669	244.692218477318	142.436806798103	163.506760097547	173.60971246007	154.492576823715	261.773622753204	197.947487887829	188.874516056755	166.458218630321	231.933663421493	181.02652279077	138.814630389724	209.653233751793	148.561474291167	144.257773261396	138.286786968971	258.687730605336	365.902129508634	152.590778139663	150.356352695891	169.658054109241	227.965676066304	135.843394524733	128.161215148332	84.024347916274	172.023739896226	190.449942676421	136.898485807027
"ENSG00000204576"	199.753652807518	292.318357621164	276.661824312661	221.504668021138	301.511219304475	262.761770507708	280.283813892201	258.166712321561	281.137522757654	257.266206028912	235.417259921852	282.171567383324	261.730567318351	294.043280679267	309.428467760659	324.466783024887	179.465949318436	274.696557320511	248.273566285018	305.760243599262	266.984535588256	269.256812722652	289.922472071615	237.836384180612	262.629008127089	244.137942174006	209.138230222712	238.052652883397	276.068834034134	315.396740404097	217.840902005155	295.808018340071	252.596766076095	273.796971614055
"ENSG00000226711"	1296.53188668057	1445.5743438526	1160.32794972922	887.284413044675	1462.38194171369	961.374414317884	1168.96146190755	905.363953210441	971.630099572476	1293.52728765586	1270.88536410937	1271.47188194414	1078.81380898867	848.862171595986	847.609334129857	862.841297080995	756.878134082098	861.237249108078	1423.43511336744	859.410854184367	1090.54570383429	1294.3350589847	1339.08942901586	1562.19881404103	1008.628367921	959.222561944634	1013.68019750804	969.358472122647	1091.12920118253	1280.61089198997	956.425293565489	1195.97457261186	858.027110163243	1117.589456861
"ENSG00000285454"	221.222503342905	65.0708672786837	144.524833596166	164.546324815703	186.999989673159	153.27769946283	146.815331086391	102.376454886136	199.97229652218	165.51392275986	110.351840588368	221.827647852553	146.261199383785	154.533694955527	178.712811412922	473.481157451131	177.905375846101	238.526547993611	166.619148929057	245.299178480764	241.147322466812	201.21093342046	70.4783910008347	167.705142691457	217.416925715337	161.059686277633	202.736039501608	183.582978071094	227.866339202778	224.28212650958	99.5844123452136	141.077670285265	255.603870434144	149.343802698575
"ENSG00000167645"	262.293347845386	279.304184165427	292.14662791225	246.819487223554	253.18537927658	392.057244884517	348.130292651821	405.944899374593	365.83167187293	379.602583720982	320.939936377837	308.518912530562	433.285056821136	389.553689367058	508.565600477914	283.608002940271	407.309676279232	288.382506795554	218.480738330816	228.8883179486	278.826591602251	278.768602302528	319.555431924239	331.344706166152	428.849899346766	425.075247960587	335.047981071079	453.913956769189	343.990531296501	465.585664406048	495.847386468876	349.508550900269	351.831209891704	308.643858910389
"ENSG00000012174"	484.449279472439	469.511334672348	653.458711902666	403.771366278532	560.999969019477	497.370494175305	576.138950778412	710.403573905538	559.922430262105	474.952995745684	527.849637481027	548.19476193447	599.341004993704	563.404096192026	726.08462236907	280.002816462217	825.543366864804	415.466323349527	583.718740287887	334.263317155126	401.55335392911	469.004393900054	464.516667960047	492.951480032466	398.597697144785	449.540010433139	504.706035180319	647.583911657377	559.806246791439	793.998778223648	613.066538500221	633.484248506737	338.800424340159	728.051038155554
"ENSG00000164074"	1300.26559981716	1000.08917556008	946.637660054889	1351.811345409	1133.55611717606	960.331708879362	1213.45095617615	777.170827092149	726.958113239455	877.043884189473	973.854993192348	1133.78575569083	771.995202762532	757.644365545849	603.538694543067	784.728923389819	1003.44874271091	822.13453632224	1181.78217551669	841.272534648818	1047.48368196521	1047.76020602945	929.033335920093	1105.83754695943	557.837310933235	819.569542830484	933.652813494248	726.262330830703	888.459620641599	712.896759262594	687.754847759131	845.555843193619	1011.38943242373	976.957375986513
"ENSG00000153993"	251.092208435618	758.826421496034	238.465975433674	494.904715407229	284.702231468686	421.252997163151	235.794319623597	334.726495975542	385.828901525148	358.013811187088	427.613382279926	321.267627924387	460.777763472223	315.506293867535	235.900911065057	283.608002940271	363.613619053874	435.017679742446	304.548907976289	302.305325592491	499.519453681252	379.739907073522	669.544714507929	210.393724467465	299.197604195418	373.087627706415	426.812714740228	269.322281016386	325.366840111658	220.277088536195	285.267847863893	263.041591693171	272.644128463087	275.041503303209
"ENSG00000185915"	76.541119300077	84.0915823293758	91.8765013575628	83.5389033679722	53.5786487265793	54.2206828031779	65.6220040461898	76.5597836539803	72.9310728492658	47.6752060123509	53.3367229510446	107.089209308129	68.1819124946966	100.876161984858	85.7821494782024	96.138306081448	68.6652327827058	69.4073151948621	55.1719036188929	70.8258191388122	94.7364481119616	72.4359360313655	86.496207137388	88.4263479645867	105.716486815714	111.110796229506	64.0219072110342	52.4522794488841	102.978057139717	73.0919430142828	60.1655824585665	67.3532103297393	51.1207740868288	74.6719013492876
"ENSG00000063244"	680.469219143367	884.963794990098	778.369460939353	803.745509676702	699.674118664741	833.121645379598	729.627706005094	969.460516269587	743.42642001187	915.723768312701	860.744356589271	724.976948728842	820.382366468446	911.104909841962	918.073242629809	1142.84411354321	632.032256295361	950.195920695859	679.71785258476	995.880115451835	890.307302143094	744.114615594937	910.612847363057	775.509235597467	1249.64866018953	996.939070756485	839.754016251398	897.740936721286	754.807248609201	779.981145316799	868.251595134831	789.124775079513	1010.38706430438	624.754907955706
"ENSG00000124507"	4723.14711778524	4268.64889348165	7155.0115832502	3902.2793800524	5979.79742258214	4808.95748246647	6186.26417804929	6888.60006877325	6907.27838340143	5166.01336092323	3726.21381720056	6985.44612145645	6809.39358334131	7065.62394157772	9709.72234808033	6099.97552086787	4202.62436099606	5713.88390583055	5840.497717096	6191.21306813422	6191.24219422604	5767.80286601267	5443.65481400765	5316.7612207213	8241.23178667158	6169.70728604665	4663.99594032384	6825.8572121269	7207.36848853401	8768.0293832339	4619.26446013788	6790.84192257006	4041.54825721752	4934.56814749876
"ENSG00000256813"	52.2719839122477	70.0763186078132	58.8422536784391	67.0842708864019	51.4775252471056	61.5196208728364	56.7241051924692	92.5839244187668	63.5206118364573	63.8667854127719	67.1307030245906	73.9425492841843	56.0851215682181	82.6326007748305	53.1032353912681	64.8933566049774	53.0594980593636	89.936239407427	45.2409609674922	61.324794620191	74.2819877241518	61.4607942084314	83.2926439100774	63.0164778598204	82.1131202625204	79.5104780357933	59.7537800636319	56.4870701757214	52.5845398160256	64.0806075741658	78.8376597732941	58.2514251500448	75.1776089512188	57.2484577011205
"ENSG00000270149"	247.358495299029	217.236587684221	164.138918155646	186.063921137756	206.960662728159	205.412971388962	276.947101822055	263.50809257649	242.319371079818	162.815326193123	218.864483833597	216.728161695023	153.959157246089	199.606022650889	197.094700586822	194.680069814932	210.67741876512	212.13221686317	171.032901218568	153.743851301324	166.86533474266	152.920309399549	239.466351241472	275.442991935666	182.178096776766	199.795560192506	170.725085896091	195.687350251606	161.040153186578	204.256936642653	209.542200976387	191.137488773584	182.430997721624	161.789119590123
"ENSG00000205634"	72.8074061634879	4.00436106330361	151.751075275975	18.9861144018119	165.988754878422	62.5623263113591	160.162179366972	105.937375056089	51.7575355704467	90.8527510801403	60.6935123236024	110.488866746482	144.061782851698	123.412325832539	153.182409782504	26.4380341723982	81.1498205613796	24.4391954911486	97.1025503692515	45.7776635897201	58.1337295232492	59.9974419653735	5.60623564779367	46.75416099277	47.5391748888276	60.1425410783564	49.0834621951262	58.50446553914	92.0229446780448	184.231746775727	16.5974020575356	95.5687443867922	43.1018291320321	92.0953449974547
"ENSG00000265590"	2245.82845165836	1771.92977051185	1541.25411827912	2307.4457703002	2070.65718902133	1708.99421373863	1571.59138503841	1193.7984869766	1201.01008675968	1777.47560529067	2080.13219509074	1687.08000378283	1159.09251240984	1309.24380448433	1012.02512062974	1926.37130810701	1357.69892093077	1835.87236529509	2013.77448208959	2237.92313888613	1879.65725458506	2096.98376430196	1558.53351008664	1952.49441885024	1455.76256530193	1790.51480345988	1816.08810121967	1193.28935746211	1753.91350511369	1324.66630969721	1713.68176244055	1377.10009768778	1918.5325804351	2011.16320967415
"ENSG00000261340"	22.4022788195347	120.130831899108	49.5513715186856	43.0351926441069	35.7190991510528	25.0249305245436	27.8059339178771	54.3040325917767	94.1046101280848	28.785030045193	31.2663548333709	72.2427205650077	51.6862885040442	54.7306836300826	65.3578281738685	45.6656953886878	56.1806450040321	62.5643404573405	41.9306467503586	41.4590160812559	52.750976789615	39.510510562563	76.885517455456	26.4262649089569	59.8395208390837	38.2261913633621	37.3461125397699	65.5653493111051	59.1576072930288	78.0982404810145	45.6428556582229	49.1496399703503	33.0781479385363	57.2484577011205
"ENSG00000110237"	2336.37099522064	3312.60768961791	2502.34426169362	3042.84126813038	2747.21894941186	1974.8841005619	2134.38348753624	2911.05223893623	2616.10816156076	2410.74626628491	2683.38892364048	2372.11097761102	2540.32609456047	3058.47937932814	2871.65957538935	2937.02525078824	2152.03081834889	2792.91126072847	2379.01248404666	2958.27354329795	3083.24076582566	2352.33873071556	3190.74897440142	2319.41294316307	4215.02935954856	3133.52832669267	2504.32360373829	2401.70918014987	2971.02649960545	2239.81748661576	2466.78888080123	2632.23627396765	2775.557322479	1941.46943508148
"ENSG00000166913"	2253.29587793154	4484.88439090004	6387.99764495055	2275.80224629718	4433.3705416895	5065.46302034304	3891.71851114607	9157.79644707552	10724.3966317219	4067.68455826133	3410.79147285214	6765.31830232307	8010.2750098608	8510.08472914813	11312.0103544053	4550.94706413054	7467.34406511926	6635.73035975668	3815.68885428263	4183.90570620008	5066.2468728965	4769.06496012566	6219.71800582366	2622.29859481188	5826.70712081455	5019.35376728521	5642.46408886581	10529.7950993635	8032.28845689791	11877.9413695676	8416.95751842774	7376.08670962442	4349.27526985784	7085.11890635824
"ENSG00000173805"	283.762198380773	479.522237330607	254.983099273236	283.525975067057	264.741558413686	252.334716122482	194.641537425139	505.650664133265	299.95844478327	260.864334784561	277.71879881406	298.319940215502	230.938735869134	398.138894642365	273.685905478074	358.115190153394	237.207167794802	514.200673133767	312.272974482934	291.940571572177	303.587254176968	273.646869451825	415.662328743559	497.017059249228	464.421170067777	608.560966504725	305.171091039263	324.800653510398	262.922699080128	173.217892348917	745.845754960506	303.089446483827	478.129592929751	338.512619450104
"ENSG00000058056"	1769.78002674324	1358.47949072575	2600.41468449102	1870.76513905853	2325.94369177738	2236.60316563109	1864.10980985448	2674.25104763438	3087.80751982778	2141.78614180014	2277.84590947823	2595.63845418275	2694.28525180656	2789.11856381538	3426.17989880201	2141.48076796425	3423.89819830129	2832.99154133395	2107.56671824171	2347.61678560112	2396.40151701394	2389.65421291353	1618.60032059871	1600.82181660028	2295.51050774374	2709.98212638662	2695.32229358454	3007.93648685716	2792.45816648019	3318.17396094977	2679.4430946634	2593.09859769496	2553.03159998339	3136.21985667008
"ENSG00000198682"	752.343197022708	445.485168292527	423.251298388773	596.163992216893	656.60108733553	487.986145228601	516.078133515798	610.697809146866	289.371676143861	431.775450677895	454.281743755449	600.039537869358	353.006353399961	496.868755308396	406.443993956245	338.887528937104	577.412184763663	537.66230080527	444.685543168277	425.818644334566	508.131858055067	418.518741514556	229.054770752713	617.968040947916	401.2572314043	422.52683520303	534.582925212135	343.965909462875	510.508240713915	303.381626483941	348.545443208248	418.682118265947	740.750040199342	455.498598230654
"ENSG00000115423"	1658.70206092972	3107.3841851236	1517.51075275975	1459.39932701927	2425.74705705238	1532.7769946283	1485.94910857135	1297.06517190522	1646.83067724148	2130.09222334428	1805.17219229139	2036.39480557363	1751.83526780728	1370.41339207089	1440.93586802076	1996.07158001606	1295.27598203741	2170.200559614	1822.87969556822	2062.58605004248	2086.35495955661	2070.64342392691	2111.14816679773	1929.11733835386	1655.89251833042	1968.39401393739	1693.37944573185	859.410424816332	2215.12373975008	1229.54665782931	991.694772937752	1755.73436116307	1566.7013705434	1498.41615374237
"ENSG00000259240"	164.283378009921	173.188615987881	248.7891778334	216.441704180655	265.792120153423	202.284855073394	221.335233986301	252.825332066632	281.137522757654	216.78725752786	247.372042652258	278.771909944971	230.938735869134	317.652595186361	264.494960891124	251.161324637783	229.404300433131	316.731973565286	183.170720014724	244.435448979071	334.807220032046	225.356245430915	243.470805275611	222.590462117753	282.90795685589	256.370323410282	239.015120254528	274.365769424932	231.152872941279	219.275829042848	219.915577262347	207.520702097035	225.532826853656	251.395401209268
"ENSG00000143643"	1054.77396108643	1644.79130675196	1059.1605662119	1055.62796074074	1327.91003902738	996.826399227654	1041.05416588532	924.058784102692	1141.01839780303	1127.11383270709	1130.1867673592	974.001856088221	1162.39163720797	1015.20052380506	1004.87660817323	1034.68851920158	1245.33763092271	1341.22304855424	1202.74749889187	1150.48769625485	1339.22888012819	1192.63207809218	1276.6199460833	1062.13257037923	1043.20231329469	1044.84923059857	1155.59542515917	978.43675125803	1170.00601090657	1020.28342371992	1117.21262599786	1125.89082672821	1164.75175468422	1474.77005164843
"ENSG00000259823"	26.1359919561239	21.022895582344	36.1312083990416	21.5175963220534	27.3146052331581	25.0249305245436	16.6835603507262	46.2919622093834	41.1707669310371	38.6798841232281	15.6331774166855	38.2461461814747	52.7859967700877	32.1945197824015	38.8062104782344	39.6570512585973	20.2874551403449	35.192441507254	30.89626602658	47.5051225931057	45.2151229625272	43.9005672917367	32.0356322731067	32.5246337341008	47.5391748888276	44.8520645330116	16.0054768027585	45.3913956769189	33.9608486311832	30.0377848003902	26.9707783434953	48.2394614523808	22.0520986256908	11.2007852023931
"ENSG00000287950"	81.2082607208134	97.1057557851126	50.5836917586582	34.1750059232614	35.7190991510528	58.3915045572685	34.4793580581675	21.3655210197154	56.4627660768509	33.2826909897544	29.4271574902315	45.8953754177696	73.680453824914	19.3167118694409	45.9547229347513	63.6916277789593	35.8931898636871	37.1475771465459	47.4478371122479	48.3688520947986	40.9089207756198	43.1688911702077	113.726494569529	21.3442908880037	30.5846439844205	29.5615879876667	59.7537800636319	32.2783258146979	37.2473823696848	34.0428227737756	25.9334407148994	35.4969622008085	43.1018291320321	37.3359506746438
"ENSG00000277224"	24.2691353878293	60.0654159495542	59.8745739184117	39.2379697637445	32.5674139318423	43.7936284179513	86.7545138237764	163.802327817818	108.220301647298	68.3644463573333	44.1407362353472	58.6440908115945	82.478119953262	66.5353408836298	102.121606521669	40.8587800846154	74.9075266720427	33.2373058679621	46.34439903987	38.8678275761774	32.2965164018051	71.7042599098366	76.885517455456	27.4426597131476	77.12649352593	62.1812712844024	32.0109536055171	104.904558897768	48.2024948313568	122.153658188253	103.733762859597	72.814281437556	42.0994610126825	112.007852023931
"ENSG00000133134"	276.294772107595	802.874393192374	743.270572780284	202.518553619327	506.370758553161	758.046853805967	601.720409982859	1503.59854176247	1795.04543819322	666.553351984	477.271710544692	825.266843160264	1816.71805550385	1266.31777810779	2312.0331716506	382.149766673756	1910.14193013709	717.534779620124	493.236818352902	468.141389917515	653.46618186319	621.193027178074	1164.49523312743	300.852862040433	1124.98299177477	718.652397631208	584.733419194112	2275.6219699362	1062.64590878218	2266.85149293611	1281.11197131603	1112.23814895867	479.131961049101	1059.09646747073
"ENSG00000198915"	1513.08724860274	2121.31027328509	1947.98829282833	2649.19582953282	2136.84257862475	1634.96212760352	1552.68334997425	1508.04969197491	1622.12821708286	2165.17397871186	2052.54423494365	1914.8570521525	1778.22826619233	2044.3520061825	1392.93871295557	3351.62169576448	1167.308957306	2340.29736023239	1768.81123002171	2930.63419924378	2380.25325881304	2165.02964360415	2091.92678743387	2220.82264715657	3160.1915838685	2133.53116062712	2078.57792078491	1224.5589855951	2010.26313671681	1472.85271471247	1467.8327444633	1714.77632785444	2036.81201851835	1184.79416807536
"ENSG00000267426"	332.300469156432	403.439377127839	355.11816255058	417.694516839861	421.275257634476	406.655121023834	370.375039786122	360.543167207698	343.48182696751	428.177321922245	340.251508480802	356.114116667509	358.504894730179	380.968484091751	347.213462173676	388.158410803846	323.038708773184	348.991711613602	355.30705930567	387.814546260081	448.921577985091	357.789623427654	397.241840186523	405.54152687207	485.032560579017	425.075247960587	431.08084188763	321.77456046527	358.232177496675	368.463493551453	359.956157122803	341.316944238544	404.956720217232	329.80089762602
"ENSG00000237990"	123.212533507441	165.179893861274	219.884211114167	177.203734416911	238.477514920265	175.174513671805	161.274416723687	175.375318370164	282.313830384255	172.710180271158	119.547827304065	229.476877088848	251.83319292396	233.946843752118	267.558609086774	261.976884071946	285.584945437163	362.677661088646	227.308242909839	212.477457416437	276.673490508797	196.820876691286	156.974598138223	161.606773866314	290.221676069556	213.556989083316	213.406357370114	304.626699876212	256.349631603125	313.394221417404	185.683435518679	266.682305765049	201.475991989266	243.92821107434
"ENSG00000231329"	417.242443013834	374.407759418888	453.188585347979	550.597317652544	397.112337620529	393.099950323039	322.548833447374	456.688011796417	518.751663331068	370.607261831859	385.311843387718	413.908293119515	409.091474968179	561.257794873199	484.056414912713	558.803904098416	549.321862261647	565.034199755356	365.238001957071	472.460037425979	528.586318442877	405.348571327035	348.387500970035	326.262732145199	531.574410120526	430.172073475702	489.767590164411	470.053119676538	521.463353175587	450.566772005853	431.532453495926	422.322832337825	617.458761519343	460.476724987274
"ENSG00000225420"	113.878250665968	139.151546949801	140.395552636276	135.434282732925	140.775273124738	142.850645077603	125.682821308804	180.716698625093	156.448914337941	139.427489281403	145.296590108018	145.335355489604	141.862366319611	166.338352209074	159.309706173804	174.250679772624	156.057347233422	177.917343175562	119.171311816809	133.878072762389	133.492267794128	139.750139212028	144.961236035808	109.77063885259	131.979387628423	167.17587689577	137.647100503723	138.191582394175	148.989529478739	133.167512615063	160.787332432376	138.347134731356	138.326800470243	118.230510469705
"ENSG00000179091"	419.109299582129	578.630173647372	721.591847740859	477.184341965538	555.747160320793	850.847637834483	886.45317330192	969.460516269587	995.156252104497	749.310313363929	580.266761760502	584.741079396768	1054.62022713571	995.88381193562	1447.06316441206	645.328379571719	1604.26952955958	614.8901585573	548.408721971795	469.005119419207	658.848934596824	576.560783764808	722.403507758556	572.230274759337	1175.18170092312	777.775573606542	690.369566092319	1495.89866197491	775.621962286378	1315.65497425709	852.691530705891	831.903165424077	637.506123906335	703.160404372458
"ENSG00000214517"	800.881467798367	1113.2123755984	1337.88703100451	817.668660238031	1289.03925465711	1005.16804273584	1095.55379636436	1245.43182944091	1479.79499426413	1088.43394858386	957.302217104093	1190.73001778324	1449.41549464532	1531.3859909829	1724.833934151	945.760586076244	1273.42795342473	1259.10735170398	1188.40280395095	1089.16290163466	1217.57866834805	1142.14642570668	1213.34957234392	904.591375729679	1475.04418868341	1240.56733037898	1185.47231519098	1549.3596391055	1419.78257503269	1745.19529690267	1232.35710277202	1286.9924244088	1073.5362558234	1476.01458333758
"ENSG00000260455"	31.7365616610075	47.0512424938174	61.939214398357	43.0351926441069	37.8202226305265	49.0071556105646	38.9283074850279	44.5115021244071	62.3443042098562	43.1775450677895	53.3367229510446	59.4940051711828	72.5807455588705	64.389039564803	79.6548530869022	37.2535936065611	43.6960572253583	35.192441507254	52.9650274741372	54.4149586066484	45.2151229625272	38.7788344410341	68.8766093871794	46.75416099277	70.477657877143	51.9876202541725	44.8153350477239	74.6436284464889	59.1576072930288	86.1083164277853	43.5681804010309	55.5208895961364	40.0947247739833	48.5367358770369
"ENSG00000269179"	160.549664873332	127.13846375989	150.718755036002	191.126884978239	108.207859192895	143.893350516126	133.46848280581	151.339107222984	115.278147406904	164.614390570947	173.80414892668	153.834499085487	125.366742328958	138.436435064326	128.673224217304	152.619560904299	81.1498205613796	157.388418962997	131.309130612965	138.196720270853	124.879863420313	142.676843698144	176.195977502087	141.278877782501	144.279733578679	141.691749320196	116.306464766712	119.026326441699	127.079304555395	109.137284774751	171.160708718336	152.909991018868	167.39547593138	105.785193578157
"ENSG00000224746"	799.948039514219	1758.91559705611	1547.44803971895	964.494611612043	1230.20779723185	1426.42103989899	1271.28729872534	2238.92855685768	2427.89894130459	1083.03675545039	1047.42288691793	1638.63488528629	1871.70346880602	1849.03858616926	2533.63705780262	1516.58177843484	2348.66307586301	1667.73070031598	1157.50653792437	996.743844953528	1383.36745254399	1129.70793164069	1919.73526396592	1052.98501714151	1465.40337699267	1242.09637803351	1465.03464334583	2755.76206642983	1883.18383216142	2643.32506243434	1856.83435518679	1693.84222194115	1254.96488542568	1843.15143163825
"ENSG00000188611"	140.014242622092	166.1809841271	234.336694473784	106.322240650146	179.646057495001	204.37026595044	233.569844910167	366.774777505115	247.024601586223	226.682111605895	205.99010243162	218.4279904142	303.519481428004	285.45807540396	361.51048708671	170.64549329457	344.886737385863	259.055472206176	162.205396639545	161.51741681656	220.692862079002	168.285507951657	225.050316718574	154.492010236979	187.164723513356	227.828100525638	223.009643451769	386.331212094666	242.107985402951	311.391702430712	336.097391665096	209.341059132973	219.518618137559	343.490746206723
"ENSG00000156463"	192.28622653434	823.897288774718	305.566791031894	179.735216337152	325.674139318423	200.199444196349	269.16144032505	112.168985353506	136.451684685723	205.992871260912	154.492576823715	227.777048369671	232.038444135177	284.384924744547	213.434157630289	174.250679772624	179.465949318436	298.158184992013	214.066986041304	264.301227518006	346.649276046042	294.865476976165	566.22980042716	286.623334781764	220.076459974852	296.63524497969	235.814024893976	183.582978071094	340.703997557999	149.187664508605	70.5389587445263	182.945882111859	188.445206437722	151.832866076885
"ENSG00000100578"	1178.91992287802	1249.36065175073	1193.36219740834	1183.46779771294	1360.47745295922	1237.69135552639	1240.14465273732	1187.56687667918	1293.93838926117	1339.40342929039	1330.6592777614	1185.63053162571	1057.91935193384	1107.49148051461	1029.38579373843	1356.75184457443	1005.00931618324	1491.76849277971	1293.22942082685	1402.69671074916	1323.08062192728	1300.92014407846	1202.13710104833	1148.52612873544	1109.69066978256	1199.28304370655	1256.96344490997	986.506332711705	1322.28207412381	922.159993371979	1514.51293775012	1227.83082074079	1412.33668016356	1189.77229483198
"ENSG00000100348"	395.773592478447	401.437196596187	466.608748467623	367.064878435029	385.556158483423	579.744223818594	607.281596766435	733.549555010229	552.864584502498	401.191356254877	459.799335784867	450.454610581813	549.854133021746	504.38080992429	641.323688956084	382.149766673756	524.352686704299	365.610364547583	408.272086779807	381.768439748232	415.548511036559	370.228117493646	494.950518619498	501.082638465991	527.917550513694	493.882392414639	324.377663202573	686.92312124404	479.833925821234	684.861493448897	586.095760156726	534.274790048067	387.916462188289	507.768929175156
"ENSG00000182197"	5468.02288853477	3747.08086498635	5020.17332698683	5603.43523045474	6064.89292350082	3916.40162709108	4176.45127446513	2632.41023563744	4050.02715838745	5447.56693605277	4533.62145083879	5170.87896373537	4507.70418251228	3455.54512331109	3254.61559984561	5082.11120523054	3594.00070678572	5351.2062447419	6012.63405638695	6240.44564973071	5707.87099874569	6062.66834298884	4274.35423603926	5406.20396349007	4376.92850759653	4162.57739819438	5568.83889557312	2846.54485778367	4998.81781626094	3231.06438502864	3038.36191415761	4932.25738887645	4786.30776989426	3865.51542651479
"ENSG00000134825"	2141.28448383386	1299.41516504202	1107.67961749062	813.871437357669	765.859508268162	2230.34693299995	1725.08014026509	2229.13602639031	1296.29100451437	1751.38917181221	3378.6055193472	1424.45646667003	1256.96654808771	898.227101929002	1029.38579373843	608.074785965158	1401.39497815613	1417.47333848662	1416.81448493317	1420.83503028471	785.881899110591	1340.43065464103	1589.76825155292	1374.16577526576	922.193504486767	1951.57448973752	1379.67210039779	1728.90782644976	921.324958026615	1455.83130332558	4325.69791124521	1219.63921407906	1577.72741985624	2401.94616006875
"ENSG00000166268"	338.834467145463	258.281288583083	345.827280390826	208.847258419931	167.039316618159	95.9289003440839	219.110759272871	190.509229092463	269.374446491643	150.221875548351	196.794115715923	326.367114081917	317.815688886569	74.0473954995235	149.097545521637	526.357225795927	160.739067650425	140.769766029016	540.68465546515	228.8883179486	171.171536929567	388.52002053187	175.395086695259	396.393973634354	140.955315754286	94.8009545811381	208.071198435861	123.061117168536	420.676318528205	184.231746775727	356.844144237015	505.149077473045	185.438102079673	414.429052488546
"ENSG00000099260"	203.487365944107	296.322718684467	144.524833596166	284.791716027178	172.292125316843	236.694134544642	197.978249495285	264.398322618978	172.917221110356	141.226553659228	145.296590108018	237.976020684731	193.548654823655	218.92273452033	247.13428778244	151.417832078281	170.10250848443	201.378970847065	220.687614475572	147.697744789474	183.013592943562	208.527694635749	340.378592901758	318.131573711674	135.968689017696	193.679369574368	228.344802386022	230.991769111432	176.377310632919	221.278348029541	170.12337108974	214.80213024079	170.402580289429	255.128996276733
"ENSG00000229124"	736.474916192204	1029.12079326903	448.026984148115	649.325112541966	501.117949854477	774.73014082233	1454.80646258333	2045.74863763775	275.255984624648	806.880373454315	1155.93553016316	522.69733114682	739.003954781227	828.472309067132	641.323688956084	688.590617308371	341.765590441195	327.485219581392	732.682880058898	224.569670440136	456.457431812179	408.275275813151	515.773679597017	936.09961465959	501.322207918545	606.522236298679	376.662220758251	843.271261908983	337.417463819498	481.60581629959	1279.03729605884	895.615661681938	672.58900808357	341.001682828413
"ENSG00000172243"	201.620509375813	185.201699177792	123.878428796714	222.770408981259	63.0337043842109	108.441365606356	135.69295751924	178.936238540117	98.8098406344891	113.341055802947	184.839332985517	110.488866746482	76.9795786230445	121.266024513712	88.8457976738525	38.4553224325792	149.815053344085	71.362450834154	141.240073264366	55.2786881083412	134.568818340855	108.288065986284	82.4917531032497	37.6066077550541	70.1452160947036	124.872225120316	136.580068716873	79.6871168550355	55.8710735545272	55.0692721340487	193.982136547447	102.850172530548	176.416789005527	205.347728710541
"ENSG00000288071"	376.171598511354	376.409939950539	325.180875591374	315.169499070077	319.370768880002	429.594640671332	316.987646663798	421.96904013938	385.828901525148	393.995098743579	459.799335784867	358.663859746273	311.217439290308	371.310128157031	331.895221195426	335.28234245905	363.613619053874	439.905518840675	339.85892629238	310.078891107727	372.486489167486	380.471583195051	341.179483708586	329.311916557771	286.232374680283	365.952071985254	441.751159756136	394.40079354834	324.271328865491	369.464753044799	554.975631298847	330.39480202291	375.888044756094	374.604038435593
"ENSG00000238246"	275.361343823448	209.227865557614	137.298591916358	210.112999380051	132.370779206843	172.046397356237	149.039805799821	113.059215395994	141.156915192127	192.499888427228	240.93485195127	173.382529356018	136.363824989393	86.925203412484	73.527556695602	136.997086166063	113.921863480398	151.523012045122	205.239481462282	247.02663748415	176.554289663201	214.381103607981	215.439627036642	191.082223187842	129.319853368909	135.065876150546	217.674484517516	96.8349774440937	164.32668692508	75.0944620009755	178.422072118508	156.550705090745	198.468887631218	153.07739776604
"ENSG00000213918"	866.221447688676	876.955072863491	922.894294535519	870.829780563104	682.865130828951	883.171506428685	856.422764670613	819.011639089091	772.834110676897	812.277566587789	856.146363231422	806.568727249321	877.567196302707	896.080800610175	893.564057064608	897.69143303552	694.45519518873	748.816949848794	866.198886816618	987.242820434906	850.474931914201	873.62128910556	965.874313034166	980.820986043978	1003.64174118441	859.324781848381	864.295747348961	848.31475031753	944.330694196127	861.083164277852	855.803543591679	778.202632863879	916.164461085519	772.854178965127
"ENSG00000119227"	432.177295560191	295.321628418641	353.053522070635	467.058414284572	458.044918525266	369.117725237019	476.037588674055	413.066739714498	319.955674435488	435.373579433544	377.955054015161	452.154439300989	302.419773161961	383.114785410578	334.958869391076	353.308274849321	273.100357658489	315.75440574564	382.893011115117	424.09118533118	415.548511036559	450.71249086183	320.356322731067	507.181007291135	430.512108258963	440.365724505932	321.176567842021	312.696281329886	337.417463819498	365.459715071414	225.102265405327	318.562481289307	287.679650253331	341.001682828413
"ENSG00000155629"	687.003217132398	617.672694014582	266.338621912935	567.051950134114	190.151674892369	369.117725237019	467.139689820335	918.717403847763	315.250443929084	268.06059229586	645.558267441953	320.417713564799	237.536985465394	362.724922881724	255.304016304174	241.547494029638	335.523296551858	642.262057507386	273.652641949709	378.31352174146	362.797534246944	341.692748754017	371.613334368037	168.721537495648	389.289327236483	405.197628451639	358.522680381791	233.009164474851	181.854866863755	158.198999948722	775.928546189789	303.999625001796	750.773721392838	621.021312888242
"ENSG00000184445"	396.707020762594	345.376141709937	344.794960150854	336.68709539213	406.56739327816	369.117725237019	467.139689820335	462.029392051346	270.550754118244	361.611939942737	391.749034088707	400.309663366101	321.1148136847	313.359992548708	319.640628412825	331.677155980995	357.371325164537	339.216033417143	350.893307016159	322.171104131426	301.434153083514	319.01078898662	259.488621412164	393.344789221782	267.948076646119	305.299848355386	309.439218186665	296.557118422537	308.93417141915	351.442082164565	344.396092693864	334.945694612757	351.831209891704	349.713404652497
"ENSG00000108984"	1023.03739942542	979.066279977733	1112.84121869048	1023.98443673772	1215.49993287553	966.587941510497	868.657375594479	915.156483677811	1237.47562318432	964.298506513964	963.739407805081	1137.18541312918	1087.61147511701	1116.07668578992	1291.83832249912	842.411907038688	1086.15913674462	1168.1935444769	1037.23178803519	1272.27355599354	1176.66974757243	1095.31915392883	1030.74646838721	700.296020087359	1125.98031712209	1168.19240806435	1266.56673099163	1057.11517043136	1276.27060178479	1209.52146796238	1120.32463888365	1185.05243039622	1165.75412280357	1080.25350618636
"ENSG00000158691"	336.967610577168	296.322718684467	356.150482790553	332.889872511768	327.775262797897	294.042933663388	341.45686851153	369.445467632579	327.013520195095	315.73579830821	330.135923093534	379.061804376393	290.322982235482	388.480538707645	323.725492673692	328.071969502941	277.782078075492	321.619812663516	318.893602917201	277.257170043399	333.73066948532	340.229396510959	265.094857059958	315.082389299102	275.594237642224	280.325403331322	287.031550662803	334.887630327491	253.063097864623	393.494980885112	240.662329834266	291.257125750224	310.734116998371	348.468872963342
"ENSG00000123124"	1877.12427942018	2807.05710537583	2119.35345266378	2264.4105776561	2296.52796306475	2139.63155984848	1802.93675523515	2149.90555260886	2273.80264221985	2096.80953235453	2264.05192940468	2125.6358133304	2063.05270709759	1973.52406266121	1968.90457373779	2024.9130718405	2333.05734113966	2515.28199994902	2074.46357607037	2351.93543310958	2271.52165359363	2206.00350640977	2674.17440399758	2015.51089671006	2086.73706837182	2187.55751108734	2465.91045941167	2028.49103791742	2261.1352120891	1946.44845506529	2847.49179049595	2198.08112089622	2544.01028690924	2399.45709669044
"ENSG00000253106"	50.4051273439531	60.0654159495542	52.6483322386034	81.0074214477306	49.3764017676319	60.4769154343138	47.8262063387485	53.4138025492886	63.5206118364573	53.0723991458245	52.4171242794748	66.2933200478894	48.3871637059137	59.0232862677361	57.1880996521349	66.0950854309955	71.7863797273743	67.4521795555702	44.1375228951143	63.9159831252695	62.4399317101566	61.4607942084314	62.469482932558	47.7705557969606	47.2067331063882	56.574763217776	49.0834621951262	51.4435817671748	53.6800510621928	59.0743101074341	49.7922061726068	56.4310681141059	71.1681364738204	57.2484577011205
"ENSG00000259048"	788.746900104452	498.5429523813	469.70570918754	458.198227563726	736.443779555531	447.320633126217	405.966635201005	419.298350011915	604.622120072945	566.705279014737	790.854857549971	556.693905530353	546.555008223616	323.018348483428	299.216307108492	546.786615838235	360.492472109206	507.357698396246	903.715781277466	548.468233574948	480.141543840169	556.805528483527	414.861437936731	873.083136799769	299.862487760297	498.469535378242	635.950944962939	568.905492484051	465.59227962106	597.751917527765	594.394461185494	613.460321111409	319.755430072517	1064.07459422735
"ENSG00000124103"	143.747955758681	166.1809841271	173.4298003154	144.29446945377	137.623587905527	252.334716122482	236.906556980312	284.873613596206	231.732602440409	179.906437782456	199.552911730632	163.183557040959	259.531150786264	235.019994411531	311.470899891092	149.014374426244	210.67741876512	152.500579864767	146.757263626255	126.104507247153	155.023278728665	155.115337764136	199.421810900089	158.557589453742	168.547983696752	201.834290398552	170.725085896091	273.357071743223	163.231175678913	257.323689790009	272.819796320741	192.047667291554	162.383635334633	219.037577291244
"ENSG00000139318"	285.629054949068	252.274746988127	375.764567350032	194.924107858602	247.932570577896	282.573173839638	345.905817938391	290.214993851134	339.952904087707	312.137669552561	246.452443980689	323.817371003152	438.783598151354	523.697521793731	651.535849608251	151.417832078281	505.625805036288	271.763853861573	264.825137370686	234.93442446045	261.601782854621	279.500278424057	191.412902831812	276.459386739857	242.682501180728	229.357148180173	346.785330726435	897.740936721286	251.967586618456	526.662493500175	316.387976721772	376.813906439352	266.629919746989	266.329781479126
"ENSG00000257252"	147.48166889527	97.1057557851126	71.2300965581105	135.434282732925	77.7415687405268	85.5018459588574	117.897159811799	50.7431124218241	31.7603059182286	37.7803519343158	102.99505121581	106.239294948541	56.0851215682181	38.6334237388818	33.7001301521509	52.8760683447964	28.090322502016	51.8110944412351	104.826616875897	42.3227455829487	66.7461338970639	75.3626405174813	62.469482932558	128.065745328022	50.1987091483424	52.497302805684	100.300987963954	112.974140351443	59.1576072930288	19.0239303735805	78.8376597732941	58.2514251500448	51.1207740868288	68.4492429035136
"ENSG00000121057"	998.76826403759	1311.42824823193	1288.33565948582	1089.802966664	1097.83701802501	1292.95474376809	1303.54218207008	1218.72492816627	1280.99900536856	1064.14657948323	1284.67934418292	1194.97958958119	1297.65575393132	1243.78161426011	1646.20029712931	1065.93346867805	1036.22078562992	1146.68705244469	1294.33285889923	1178.12704030902	1222.96142108169	1281.16488879718	1283.82796334475	978.788196435597	1333.75643114669	1110.59827974355	960.328608165513	1430.3333126638	1151.38231972173	1490.8753855927	1234.43177802921	1197.7949296478	1078.54809642015	1218.39652368254
"ENSG00000162599"	16234.1847178895	11443.4628286559	9691.42241286292	13677.5968150653	11769.4431702719	10115.2854591082	9637.53669593619	7873.19449576513	8354.13676412073	8839.70282044098	14114.9200099238	10058.7364457278	7718.85231935928	6463.58642164681	5729.02212586566	10876.8476042898	7482.9497998426	9581.14220034991	12262.5072983351	11618.0255272703	8897.69026869731	10084.6919830334	9931.8468954699	13967.2973991879	6665.1252961266	8739.0170282161	11353.2182120901	7528.91949627829	8225.09843622334	7262.135105241	12990.5791229074	9286.55141884229	9878.33781619014	8970.58441542775
"ENSG00000183798"	112.011394097674	44.0479716963397	94.9734620774807	68.3500118465227	170.191001837369	99.0570166596519	117.897159811799	70.3281733565633	87.0467643684785	102.546669536	132.422208706042	76.4922923629493	96.7743274118274	153.460544296114	172.585515021621	110.559051993665	113.921863480398	52.7886622608811	131.309130612965	120.922130236996	107.655054672684	140.481815333557	44.8498851823493	160.590379062123	103.721836121078	143.730479526242	106.703178685057	113.982838033152	155.562596955742	106.133506294712	47.7175309154148	123.784278443845	68.1610321157717	104.540661889003
"ENSG00000285669"	147.48166889527	206.224594760136	301.437510072004	341.750059232614	271.044928852107	262.761770507708	119.009397168514	235.02073121687	319.955674435488	220.385386283509	205.070503760051	255.824222236086	299.12064836383	310.140540570468	285.940498260675	420.605089106335	377.658780304882	348.014143793957	176.550091580457	359.311472704218	402.629904475837	321.937493472736	293.126035298926	140.26248297831	327.455155702763	335.371118894564	373.461125397699	269.322281016386	386.715469897022	256.322430296663	236.512979319882	299.448732411949	427.008818842923	200.369601953922
"ENSG00000162825"	640.331802925034	701.764276343958	711.268645341133	745.521425511146	1083.12915366869	632.922201183249	602.832647339575	597.344358509544	662.261193776397	786.191133109333	758.66890404503	695.229946143251	730.206288652879	698.621079278113	585.156805369166	843.613635864706	630.471682823026	762.502899323837	705.096928249451	851.637288669132	761.121236535874	776.30836494221	649.522444337238	704.361599304121	879.64095633453	743.11716010376	838.686984464548	520.488003762004	686.885551346835	633.797259288233	599.581149328474	661.69978256379	770.82108377983	649.645541738802
"ENSG00000011105"	1484.15097179418	961.046655192867	1240.84892844708	1788.49197665068	1970.85382374633	936.349483793341	1066.63562508976	875.986361808332	886.9359504572	1220.66518035396	1141.22195141804	1262.97273834825	1125.00155616249	1264.17147678897	1003.85539210801	1297.86713209955	822.422219920136	898.384826254624	1313.09130612965	1633.31248770114	1386.59710418417	1362.3809382869	896.196812840159	1448.36259597168	1500.97464771368	1202.85082156713	1089.43945437443	839.236471182146	1198.48930330692	915.151176918555	673.232120958788	1101.31600674303	1453.4337730569	948.333147135953
"ENSG00000115687"	365.903887385734	1253.36501281403	432.542180548526	474.652860045297	466.449412443161	377.4593687452	411.52782198458	283.983383553717	328.189827821696	451.565158833965	361.402277926905	374.812232578452	394.795267509614	552.672589597892	310.449683825875	824.385974648416	368.295339470877	506.3801305766	414.892715214075	598.564544673132	567.342138125043	481.442887966046	1102.02575019487	485.836716403131	675.521701916767	516.818107232656	422.544587592826	310.678885966467	399.861604851028	364.458455578068	192.944798918851	346.77801534636	505.19353215219	313.621985667008
"ENSG00000188811"	552.58954421519	550.599646204247	582.228615344556	422.757480680344	621.932549924214	656.90442626927	638.424242754457	799.426578154352	644.616579377381	620.677210349474	752.231713344042	618.737653780301	634.531669507095	561.257794873199	699.533004673436	372.535936065611	691.334048244061	567.966903214294	601.373749445933	431.864750846416	551.193879924141	572.170727035635	582.247616563714	549.869589067142	447.46663916337	540.773187153696	645.554231044595	724.244935467285	528.03642065259	749.943360516409	806.011337419072	648.047104794248	489.155642242597	752.94167193865
"ENSG00000090316"	910.092577043598	990.078272901818	1036.44952093251	1002.46684041567	958.112306640005	971.801468703111	1037.71745381517	1012.19155830902	1129.25532153702	1020.06950222653	1027.19171614339	989.300314560811	1115.1041817681	1212.66024513712	1298.98683495564	1127.22163880498	997.206448821569	987.343497842405	924.681104652645	1114.21105718375	1116.38291695573	1015.56645668218	1112.43733068363	1041.80467429542	1403.23676367651	1228.3349491427	934.719845281099	1300.2113117233	1114.13493735204	1199.50887302892	1051.86035539632	1113.14832747664	1041.46047600422	789.033090924139
"ENSG00000167842"	147.48166889527	174.189706253707	193.043884874879	220.238927061018	149.179767042632	285.701290155206	286.957238032491	320.482815295731	221.145833800999	243.773223195228	233.578062578712	194.630388345727	255.13231772209	191.020817375582	262.452528760691	164.63684916448	302.751253632839	183.782750093438	176.550091580457	150.288933294553	156.099829275391	177.065621410005	192.21379363864	218.52488290099	154.917870616739	197.75682998646	209.138230222712	283.444048560316	179.663844371421	245.308575869853	233.400966434094	180.215346557951	209.494936944063	228.993830804482
"ENSG00000184374"	48.5382707756586	30.0327079747771	73.2947370380558	41.7694516839861	68.2865130828951	32.3238685942022	61.1730546193295	30.2678214445968	69.4021499694626	53.0723991458245	48.7387295931959	67.9931487670661	62.6833711644791	57.9501356083227	50.0395871956181	30.0432206504525	67.1046593103716	48.8783909822973	89.3784838626065	29.3668030575563	60.2868306167029	63.6558225730182	20.0222701706917	64.032872664011	41.8876645873586	33.1293658482472	44.8153350477239	41.3566049500817	59.1576072930288	77.0969809876682	30.0827912292833	59.1616036680142	40.0947247739833	54.7593943228109
"ENSG00000174684"	949.296564977784	2675.91428055264	2436.27576633537	1183.46779771294	2082.21336815843	2534.81692104856	2165.52613352426	3917.01218694783	4794.62988602592	2358.573399328	1426.29753960466	2304.11782884395	3869.87338820705	4379.52784106602	5612.60349443095	2112.63927613982	4333.71253267214	2769.44963305696	1956.39570232594	1770.6454784703	2703.21842283109	1990.15905055873	2964.89776687602	1279.64105847603	4729.64923876468	2832.81562130089	2738.00356505856	4980.94915228057	3726.92925946082	5174.50906161389	3532.13462536929	3175.61284919541	2040.82149099575	2691.92204364182
"ENSG00000178175"	247.358495299029	197.214782367703	134.20163119644	539.205649011457	181.747180974475	187.686978934077	145.703093729676	186.94830892251	136.451684685723	188.901759671579	210.588095789469	163.183557040959	111.070534870393	253.263555621558	136.842952739037	171.847222120588	174.784228901433	150.545444225476	167.722587001434	180.519465853802	151.793627088484	174.138916923889	118.531839410495	202.26256603394	99.7325347318061	127.930320429385	179.261340190896	135.165489349048	120.506237078392	123.1549176816	117.219152031345	116.50285030009	266.629919746989	230.238362493637
"ENSG00000249456"	1064.1082439279	909.991051635746	769.078578779599	1317.63633948574	1048.46061625737	869.616335727891	765.219301419976	538.589175705326	668.142731909402	897.733124534456	867.181547290259	839.715387273266	620.23546204853	722.230393785207	488.14127917358	1458.89879478597	747.514693248093	1008.84998987462	1001.9217697191	1245.49794144106	1002.26855900269	1072.63719416143	912.214628976712	882.230690037485	827.447596491551	879.712083908841	940.055004215352	635.479539476865	915.847401795779	595.749398541072	887.961010078154	779.112811381849	1130.67123862633	837.569826801176
"ENSG00000121406"	274.4279155393	406.442647925317	425.315938868718	363.267655554667	441.235930689476	330.53762401168	364.813853002547	319.592585253243	348.187057473914	415.583871277473	355.884685897487	396.910005927748	348.607520335787	383.114785410578	316.576980217175	550.39180231629	290.266665854166	417.421458988819	376.27238268085	510.464135500463	428.467117597281	428.762207215962	453.304196664459	392.328394417591	443.477337774098	361.874611573162	409.740206150619	345.983304826293	416.294273543536	369.464753044799	337.134729293692	345.867836828391	392.928302785037	357.180594787426
"ENSG00000104671"	298.69705092713	354.38595410237	451.123944868033	240.49078242295	344.584250633686	423.338408040196	410.415584627865	573.308147362364	459.936282001015	392.196034365754	369.678665971033	385.8611192531	510.264635444181	433.552866403007	649.493417477818	324.466783024887	724.10609116308	351.92441507254	315.583288700067	236.661883463836	361.720983700217	295.597153097694	337.975920481275	306.951230865577	344.40968660717	381.242548530598	358.522680381791	607.236004389005	409.721206066533	575.724208674146	440.868492153289	402.298904942497	344.814633056257	511.50252424262
"ENSG00000155463"	324.833042883254	481.524417862259	485.19051278713	301.246348508748	447.539301127897	515.09648663019	503.843522591932	760.256456284874	649.321809883785	401.191356254877	439.568165010333	496.349985999582	545.455299957572	615.988478503282	729.14827056472	410.99125849819	597.699639904008	406.668212972713	386.20332533225	369.676226724532	423.084364863647	450.71249086183	491.746955392187	332.361100970343	499.992440788788	497.959852826731	380.930347905653	633.462144113447	495.171083267575	674.848898515433	566.386345213402	544.286753745731	378.895149114143	525.192372823323
"ENSG00000135299"	1072.50909848523	1015.10552954747	880.569164696641	1494.84007390265	964.415677078426	1113.60940834219	769.668250846837	783.402437389565	1042.20855716854	1063.24704729432	1134.78476071705	1003.74885867381	854.473322715794	1024.85887973978	749.572591869054	1526.19560904299	775.605015750109	1408.67522810981	1136.54121454919	1413.92519427117	1194.97110686679	989.957792428662	1127.65425601336	1102.78836254686	1112.35020404208	1071.35272327716	1315.65019318675	873.532192360262	1182.05663461441	721.908094702711	905.595749764286	972.980835709342	1094.58598632975	928.420640109476
"ENSG00000253288"	291.229624653952	248.270385924824	204.399407514578	243.022264343192	167.039316618159	246.078483491346	187.968113284849	194.070149262415	319.955674435488	184.404098727017	349.447495196499	260.073794034028	287.023857437352	156.679996274354	184.840107804222	99.7434925595022	226.283153488462	187.693021372021	264.825137370686	288.485653565406	205.621154424826	181.455678139178	229.85566155954	212.426514075846	201.127278375809	223.240957562035	230.478865959723	141.217675439303	147.894018232572	187.235525255766	131.741878831689	186.586596183737	275.651232821136	196.636006886457
"ENSG00000225087"	541.388404805423	514.560396634514	720.559527500886	567.051950134114	1175.57858676553	430.637346109855	583.924612275418	463.809852136322	572.861814154716	650.361772583579	427.613382279926	594.09013735224	592.742755397443	620.281081140936	568.817348325699	687.388888482353	588.336199070002	685.275041571808	711.717556683718	539.83093855802	698.681304825717	619.729674935016	447.697961016666	513.279376116279	523.263365559543	438.836676851397	654.090485339399	328.835444237235	576.238915483947	486.612113766321	234.43830406269	483.304793041778	529.25036701658	764.142457141043
"ENSG00000179151"	574.991823034725	477.520056798956	503.772277106637	673.374190784261	557.848283800266	545.334944347346	544.99630479039	473.602382603692	437.586437095595	509.135218924351	534.286828182015	561.793391687883	466.276304802441	453.942728931861	425.847099195362	606.87305713914	391.70394155589	545.482843362437	520.822770162349	671.11782281533	563.035935938136	578.755812129395	556.619110745228	577.31224878029	524.260690906861	510.701916614518	514.309321261974	446.853072997224	541.182555606597	437.550398592351	456.428556582229	484.214971559747	558.319042477718	480.38923201375
"ENSG00000152784"	490.98327746147	216.235497418395	620.424464223542	379.722288036237	554.696598581056	404.569710146789	590.598036415709	571.527687277388	601.093197193142	561.308085881263	435.889770324054	582.191336318003	604.839546323921	951.884634899671	727.105838434287	761.896075695475	805.255911724459	725.355322177291	492.133380280525	457.776635897201	665.308237877185	551.683795632824	203.426264934227	416.721869718167	903.244322887724	794.595097806421	435.348969035032	661.705679201307	777.812984778712	646.813632701736	629.663940557757	571.592109284814	721.7050459317	522.703309445013
"ENSG00000176723"	81.2082607208134	72.078499139465	83.6179394377819	81.0074214477306	87.1966243981584	89.672667712948	107.887023601363	93.474154461255	63.5206118364573	82.7569613799298	82.763880441276	79.8919498013026	82.478119953262	80.4862994560037	74.5487727608187	60.086441300905	84.2709675060481	76.2502899323837	75.0337889216943	58.7336061151125	62.4399317101566	59.2657658438445	69.677500194007	80.2951895310615	63.1639386634772	57.594128320799	60.8208118504825	83.7219075818727	47.1069835851896	108.136025281405	68.4642834873343	90.1076732789755	53.1255103255279	82.1390914842164
"ENSG00000148110"	1105.17908843038	1058.15241097798	1056.06360549199	991.075171774579	1035.85387538053	1027.06485694481	1160.06356305383	1244.54159939842	968.101176692673	1038.95967819368	1111.79479392781	978.251427886163	1019.42956262232	831.691761045372	949.730940651526	874.858585341176	1008.13046312791	895.452122795686	1157.50653792437	863.729501692832	913.991414171084	991.42114467172	1077.19813518321	1054.00141194571	784.895048339314	876.653988599772	1010.47910214749	1030.88903070691	899.414733103271	999.256974359647	1050.82301776772	1072.19029416801	912.154988608121	1162.39259767058
"ENSG00000258472"	350.969034839377	386.420842608798	435.639141268444	474.652860045297	506.370758553161	406.655121023834	424.874670265161	348.970176655352	384.652593898547	435.373579433544	333.814317779813	435.156152109223	382.698476583135	426.040811787113	415.634938543195	1026.27641741946	310.554120994511	595.338802164381	412.685839069319	703.939543879658	515.667711882155	466.077689413938	474.928248448806	382.164446375685	558.834636280553	472.475725251156	454.555541198343	294.539723059118	533.513976883427	330.415632804292	261.409082406186	384.095334583108	561.326146835767	303.66573215377
"ENSG00000065000"	2436.2478216244	2486.70822031154	2686.09726440875	2479.58654087663	2421.54481009343	2403.43603579471	2585.95185436257	2906.60108872379	2898.42199194501	2491.70416328702	2451.65005840491	2631.33485728546	2728.37620805391	3046.67472207459	3320.99464408469	2580.11178946086	1922.62651791576	2335.40952113416	2583.14852743657	2789.84629046785	2699.98877119091	2473.06529076783	2803.11782389683	2531.83945723891	3642.564610188	2801.21530310718	2541.66971627806	2831.41439255803	2694.95766557131	3300.15129006954	2919.06808686907	2829.74501236702	2475.84925479347	2454.21649101325
"ENSG00000052795"	2935.6319536432	2555.78344865353	2869.85026712387	2884.62364811528	3042.42679827791	2644.30099209344	2615.98226299387	2552.28953181351	2858.42753264058	2859.61282855214	3252.62050134215	3239.02362439111	2708.58145926512	3102.47855636409	2922.72037865018	3373.2528146328	2748.16988478057	4135.11187710235	2996.93780457826	3428.14239221885	3006.80567700806	3569.84779693972	2532.41673118908	2486.10169105033	3205.73610806269	3274.71039346136	3368.61935108725	2634.71834462472	3275.57862603993	3184.00518884136	3767.61026706058	2829.74501236702	3265.71533284094	3789.59899347635
"ENSG00000075651"	2481.05237926347	1832.99627672723	1715.71623883449	1245.48910475886	1290.08981639685	2309.59254632767	2017.59856508116	1868.59285918261	1833.86358987105	2023.04789286372	3054.90678695466	1568.94190780005	1597.8761105612	902.519704566655	1311.24142773824	1152.45794415136	1903.89963624775	2222.98922187488	2021.49854859624	2396.84936719761	1035.64162595122	2443.79824590668	2322.58333980023	1634.36284513857	890.611535155028	2149.84100227549	2136.19763727484	1956.87350251606	1394.58581637085	1609.02400580757	4466.77582873427	1668.357223438	2613.17368714436	3222.09254322176
"ENSG00000164919"	671.134936301895	1176.28106234544	1370.92127868363	731.598274949817	1110.44375890185	1299.21097639922	1274.62401079548	1722.59513221456	1823.27682123164	1088.43394858386	960.980611790372	1395.55937844403	1708.94664543159	1802.89310781448	2318.1604680419	930.138111338009	2343.981355446	1206.3186894431	971.025503692515	999.335033458606	1151.90908499772	1019.95651341135	1335.88586578855	884.263479645867	1328.43736262766	1171.25050337342	1290.04143030234	2340.1786215656	1423.06910877119	2088.62730312047	1406.62982437614	1352.5252777026	1054.49126155576	1558.1536748218
"ENSG00000170370"	247.358495299029	221.240948747525	231.239733753866	286.057456987299	243.730323618949	362.861492605883	358.140428862256	169.143708072747	175.269836363558	206.892403449824	277.71879881406	220.977733492965	185.85069696135	291.89697936044	210.370509434639	249.959595811765	201.313977931115	127.083816553973	260.411385081174	169.290982331795	213.157008251914	216.576131972568	144.961236035808	226.656041334515	161.566706265526	236.492703901334	128.043814422068	248.13962970049	177.472821879086	194.24434170919	173.235383975528	223.903915420485	244.577821121298	215.303982223779
"ENSG00000100362"	15.8682808305038	12.0130831899108	175.494440795345	31.6435240030198	71.4381983021057	56.3060936802232	74.5199028999105	95.2546145462312	64.6969194630583	81.8574291910175	24.8291641323828	80.741864160891	167.155656438611	270.433966172173	294.110226782408	66.0950854309955	312.114694466845	39.1027127858378	48.5512751846258	38.0040980744846	81.8178415512396	55.6073852361998	4.00445403413833	14.2295272586691	161.566706265526	43.8326994299886	49.0834621951262	182.574280389385	92.0229446780448	293.369031550478	37.3441546294551	91.017851796945	98.2320756962592	99.5625351323835
"ENSG00000082196"	156.815951736743	180.196247848663	138.330912156331	134.168541772804	110.308982672369	157.44852121692	92.3157006073518	121.071285778387	145.862145698531	115.140120180772	198.633313059062	113.038609825247	111.070534870393	81.5594501154171	65.3578281738685	81.7175601692308	156.057347233422	122.195977455743	157.791644350034	122.649589240382	101.195751392323	118.531531687689	160.178161365533	131.114929740594	96.4081169074126	132.007780841477	152.585545519631	147.269861529559	105.169079632051	114.143582241483	264.521095291974	123.784278443845	136.322064231543	222.771172358708
"ENSG00000248008"	72.8074061634879	112.122109772501	86.7149001576997	86.0703852882138	70.3876365623688	92.8007840285159	64.5097666894748	88.1327742063261	94.1046101280848	90.8527510801403	102.99505121581	90.0909221163625	75.879870357001	92.290956709551	113.354983239053	94.9365772554298	70.2258062550401	99.7119176038864	70.6200366321829	92.419056681133	81.8178415512396	86.3377823404155	108.921149728563	81.3115843352521	89.0943976937468	87.6653988599772	96.0328608165513	98.8523728075124	97.5005009088808	104.130987308019	87.1363608020619	97.3891014227311	85.2012901447146	62.2265844577397
"ENSG00000152495"	2478.25209441103	10871.8402868693	4668.15212515617	2275.80224629718	4038.35932754844	2476.4254164913	2598.18646528643	3483.4701562561	5950.94028297477	2894.69458391972	2326.58463907143	3629.13431544215	4627.57238351102	3515.64156023824	5507.41823971364	4567.7712676948	4129.27740779636	4480.19331743737	3627.00094390602	3946.38009323455	4199.62368278139	3694.96441372117	9736.42953860394	2464.75740016233	4491.95336432055	3330.26579157611	3292.86009422086	5051.55799000022	5312.13403266475	6231.83908658762	2586.08270808977	4610.05419351526	2765.5336412855	4131.84520799391
"ENSG00000153317"	6705.74879331406	5717.22650813173	6063.84908959915	6976.7641721858	6667.91536210977	4739.09621808545	4571.29553609899	4110.19210616775	5318.08677986339	5257.76564419228	5617.8282846195	5241.42185558121	5025.66677581876	4961.17549846807	4147.158440845	7924.19987876335	5070.30321161389	6968.1034184363	6381.18237256115	7758.01838420501	6397.93989919759	6379.48410361087	4937.49182409257	6005.87689796256	5525.84730770694	5349.62806066466	5918.82532166011	4335.38263598661	6315.62233415391	4614.80500483328	5295.60859398245	5479.27467817609	7027.60288475993	5741.02468207106
