"hB_RNA_9228"	"hB_RNA_4601"	"hB_RNA_4520"	"hB_RNA_16275"	"hB_RNA_8375"	"hB_RNA_16415"	"hB_RNA_16375"	"hB_RNA_5111"	"hB_RNA_16335"	"hB_RNA_16095"	"hB_RNA_16865"	"hB_RNA_8595"	"hB_RNA_16695"	"hB_RNA_17035"	"hB_RNA_16715"	"hB_RNA_16855"	"hB_RNA_16105"	"hB_RNA_8665"	"hB_RNA_5041"	"hB_RNA_17055"	"hB_RNA_16045"	"hB_RNA_16515"	"hB_RNA_16595"	"hB_RNA_16325"	"hB_RNA_9025"	"hB_RNA_9231"	"hB_RNA_5161"	"hB_RNA_16745"	"hB_RNA_9230"	"hB_RNA_8985"	"hB_RNA_17015"	"hB_RNA_16125"	"hB_RNA_8645"	"hB_RNA_16215"
"ENSG00000136982"	22.8298836691537	30.7626057106827	41.2689403225686	44.9186375723031	41.1209130253202	18.6453896502595	42.2422242143106	20.0715219352589	43.9937992151244	47.1132075861159	34.1579607988859	37.1341303088547	44.3520007213176	66.6393060559792	67.8527013533666	50.1256663313689	46.8148698069448	40.2901412088766	39.4083438252391	25.7112913031127	39.1396262049585	50.9661264745275	52.5040424781231	35.4934547955746	30.9410839028499	48.5235485765136	40.2715322531862	23.914046669461	36.2529511385045	20.6997242397062	48.5303162962796	35.8285977992552	19.145782828559	29.5089848760366
"ENSG00000049860"	1018.64766657129	945.665286661728	1862.79458214629	1475.89809166139	1203.81472881625	1516.80244804861	1533.52074571952	1184.21979418027	2039.11259362102	2286.16839811627	1895.76682433817	1507.1022642423	1129.12801836354	1463.16737209867	2898.61978588505	2159.96053100626	2071.55798895731	2072.57226395074	1746.72792535869	1603.89483843227	1535.5476606457	1322.69232993416	1635.12589431869	1272.54474693545	2097.22534329005	1506.65618330075	869.193904464602	1192.44132710903	2125.63136842098	1779.19058346046	1796.53736930756	1695.88696249808	867.65206727606	1919.21897789915
"ENSG00000160226"	443.55202557213	421.561633813059	725.764122914138	528.328737159946	604.477421472206	352.397864389905	424.982376943973	498.618860707483	569.719699835861	527.667924964498	444.053490385516	483.649404510449	483.252007859357	418.668683699521	685.66940314981	498.97822393499	399.87701293432	623.312184584385	514.560375089551	389.34241116142	450.560813289638	415.009887006866	485.662392922638	419.657906700617	609.152589337358	433.072671045384	488.851655406732	453.279884598419	575.213491397605	632.820141042448	437.68851301173	388.602483822691	430.780113642578	469.873836103045
"ENSG00000149485"	1107.79292661275	987.821450043034	1612.33480639553	1535.78960842446	1508.10948520362	1243.64748967231	2535.81352025907	488.054901794189	1254.92312261142	1314.45849165263	1170.97759363681	1481.74237037284	619.080010068392	1524.01195588892	954.699412024561	1941.23035065119	1127.45811451725	2029.91211443546	1175.49459867285	1254.95588503288	1713.95153823109	1213.47920177446	1420.42186347065	1011.56346167388	979.478687299593	1248.26828713081	1128.72155676291	2300.09648875361	1842.85834954065	1063.57154545919	1391.81284472349	1101.49971182838	818.047084492975	804.687318350384
"ENSG00000189056"	917.543896036464	1246.45520916618	1134.1843254168	2215.98612023362	1256.24389292353	974.221609226059	1035.57452695083	1017.30924335023	2305.27507887252	2707.83160601201	1612.89621147239	1450.94821353135	802.956013058854	1293.67174582586	3011.70762147399	2678.30548966019	2167.13834814649	1574.87051960579	1762.11594532855	2340.95185578816	2468.52712250808	884.626338093584	1295.72476258511	1752.75031181676	1493.87420718447	1067.5180686833	653.293745440576	1102.22015103788	3546.74705305036	1151.29894818938	2003.47796332566	1983.43442688697	586.55716483858	2372.06839965064
"ENSG00000170619"	405.502219456874	289.39636483383	458.227544271279	383.947402106115	398.872856345606	423.250345060891	449.303657552213	332.764705768765	424.540162425951	466.420755102547	374.670132512779	371.341303088547	319.704005199498	373.759586140057	563.058381406007	437.460360710128	396.951083571386	436.081528378429	396.335343613833	399.137188800701	403.229172297595	407.72901179622	410.656617953891	345.539221686329	436.075901255791	405.171630613888	409.427244574059	338.057659736471	553.461720714502	415.965887102668	374.507535192045	379.415663874164	322.867519517972	468.738875146274
"ENSG00000125249"	2998.32472188219	2815.348100411	3028.28637953193	5076.87553704102	4496.57183931876	5104.17541675854	5487.64894565908	3845.28104443907	5024.09187036721	5665.36321223043	5831.4043701348	5380.82605280258	2786.78404532279	6345.22088098237	7779.25269025001	5978.62492970508	5241.31479880253	7944.26784306791	5272.46108625675	6427.82282577816	5397.62752082334	4586.95138270747	4606.29215526819	3257.04644006449	6513.09816154991	5762.17139346099	3004.70376755717	3944.73069833972	7063.28331348529	4336.09937764132	5089.27354669287	4880.03875665752	3251.30202943166	4998.3680536179
"ENSG00000140157"	600.09979930347	559.423681627601	594.841967408058	638.486348349166	548.964188888024	633.01097862631	851.24482128838	634.893930688978	737.995981833712	810.347170481193	1203.00068188576	806.082340850749	478.632007784219	821.401881168265	942.795429330988	893.148236449845	690.519329652436	870.978052603656	646.296838733921	799.498724806312	725.448420589579	620.087872106751	711.617290015989	599.213030960583	757.08964674786	638.084663781154	609.666252166291	598.938168857863	1150.42698279521	611.13471564847	752.677735764941	701.87304406746	594.389530541173	763.828723906641
"ENSG00000072756"	722.946316189869	640.317941089025	500.919551501523	804.25751081838	785.409438783615	851.162037534347	1061.1758749595	781.732959583766	861.178619636061	1104.80471789442	1018.33420631678	986.318729422995	580.272009437239	1028.56320216837	1213.0158364751	1050.36055358005	910.939341660135	1196.85419473428	893.631110932327	1012.53513846067	947.543043706088	887.053296497133	842.877396211297	696.29806907789	944.669967908887	954.700818242905	712.582390146655	822.860605853725	1150.42698279521	747.161474937968	947.714667295272	973.802914543858	666.621347576191	1004.44044674202
"ENSG00000165527"	476.166145099492	424.979701114246	442.573808286857	605.332115855323	552.048257364923	621.823744836155	937.009337117435	367.625770182636	767.691796303921	627.783491084994	661.810490478414	480.026562529097	267.960004357961	911.220076287194	768.402082870143	865.806963905462	615.420476003795	655.307296720846	444.000673764361	825.210016109425	677.206555732305	520.582577561245	521.290136032793	437.404634098405	555.005692507371	501.005639052503	459.766659890542	538.066050062871	843.485329822538	454.408232119266	600.677122459612	591.631204685136	409.023542246488	594.719541347815
"ENSG00000162714"	787.087417927015	804.385171546	989.031500833972	718.69820115685	748.400617060827	792.429060136029	647.714104619429	567.284593643895	639.009933599682	698.453302464167	723.721794426394	668.414345559385	805.728013103937	819.953200601831	819.589208452507	669.861177337384	778.297210540458	680.192383938093	804.680849155358	745.627447790267	756.396032007453	702.604457827414	823.188380282001	843.49151396542	633.32531113646	672.051147784713	680.141433609366	667.419302502228	671.88802776695	937.401797712411	670.267764695787	554.883924891028	615.275839081419	644.657823445723
"ENSG00000070770"	735.991964000813	738.302537056385	730.033323637162	866.288010322989	823.446283332036	867.94288821958	814.122866675804	881.034173368731	778.690246107702	824.481132757027	868.893127821659	926.541836730692	785.400012773333	911.220076287194	789.829251718574	923.907168062276	912.889961235424	771.437703734667	930.412231835883	790.928294371942	749.1142410856	884.626338093584	829.751385591766	772.504604374271	809.302725833919	883.128584092547	800.956030368925	842.426644037829	827.775717662519	831.931774205336	909.256680796334	781.798377619644	763.220524574829	774.043372517576
"ENSG00000287999"	88.0581227238787	137.862047814541	99.6146835372346	133.68642134614	154.203423844951	192.979782880186	56.3229656190808	64.4401493710942	75.8893036460897	51.8245283447274	87.529774547145	89.6653390384541	97.0200015778823	247.724376860271	54.1631212557575	46.708007263321	58.518587258681	53.3251868941014	173.772030391292	56.3199714258658	91.9326103883908	76.4491897117912	88.131785588278	57.4158827575471	73.4850742692686	123.73504887011	59.2886447060796	113.04822061927	64.0468803446913	69.9847819532925	76.9159729978772	46.8527817374875	80.0641827376104	70.3675793197797
"ENSG00000289016"	97.8423585820875	82.0336152284872	34.1536057841947	34.2237238646119	81.2138032250073	25.1712760278503	21.7611458073721	94.0192343283178	48.3931791366369	30.6235849309753	34.1579607988859	24.4541833741238	49.8960008114823	11.5894445314746	22.0223679831102	13.6706362721915	29.2592936293405	15.4050539916293	39.0330262649987	23.2625968932924	38.2294023397269	61.8874392904976	32.8150265488269	31.3177542313894	26.1065395430296	48.5235485765136	58.16999103238	41.3060806108871	20.5433389784859	34.4995403995104	25.6386576659591	34.9099158044025	29.5889370986821	24.9691410489541
"ENSG00000214944"	1917.71022820891	2390.36839929675	1582.45040133436	1374.29641143832	1727.07834706345	1419.84642186726	925.488730513532	2162.44238955131	1327.51289131638	1633.65047304857	1460.25282415237	1897.46348773294	1811.0400294538	578.023546007298	1138.02074550559	1159.72564375758	1366.4090124902	1160.11906598501	1494.8898424374	1171.70027509899	1209.68751689279	1146.73784567687	1504.80336031049	2052.35682729705	1716.26324773621	1660.71845003118	1686.92973993902	1562.02204836434	1104.50657801977	1581.06465145185	1574.94611376606	1181.42504538057	1871.06514006372	2248.35765536264
"ENSG00000289361"	77.1867495480912	99.1239517344221	45.538141045593	94.1152406276827	62.7093923636133	79.2429060136029	74.2439092251519	79.229691849706	83.5882185087364	78.914622706744	85.3949019972147	97.8167334964953	58.2120009467294	86.9208339860598	92.8510650098701	79.7453782544505	99.4815983397577	103.095361328596	83.6958159336031	75.9095267044278	75.5485808142222	81.303106518889	65.6300530976538	77.2504604374271	165.341417105854	80.0638551512474	87.25498654857	80.4381569790959	93.0492412554949	114.34133389552	76.0003066526643	74.4132415830684	99.2099655661694	125.980666201541
"ENSG00000176177"	58.7054151492525	55.8284325860538	130.92215550608	88.7677837738371	82.2418260506403	95.0914872163235	134.407077045534	44.3686274358354	123.182637802348	138.983962379042	108.878500046449	79.7025235897369	53.5920008715921	130.38125097909	159.513368093879	144.68090054736	95.580359189179	109.020382094607	83.6958159336031	131.005150925384	109.226863827791	78.8761481153401	103.132940582027	51.1523319112693	101.525431556226	71.5722341503575	46.9834542953839	75.0031463724003	132.92748750785	59.1420692563035	103.470297009049	95.5429274646804	56.5670856298334	122.575783331229
"ENSG00000244687"	529.435873660851	732.605758221073	725.764122914138	759.338873246077	582.888942133913	853.958845981886	718.11781164328	455.306629162977	767.691796303921	859.816038446614	814.453877798435	462.818063117677	578.424009407184	748.967852846549	807.090026624255	866.946183594811	785.12437905397	411.196441161182	667.314622107382	837.453488158526	877.455806083255	777.840168337431	828.813813404657	687.946667949519	417.704632688474	493.727106766026	426.207049679554	801.120563426942	451.953457526689	570.720968323329	772.822395359623	733.108231892452	405.542490823113	705.945715111338
"ENSG00000112592"	226.12456205638	304.20798980564	251.882842658436	295.179618332278	372.144262879147	313.24254612436	304.65604130321	184.869280982647	263.962795290747	248.522170016761	280.735740315843	225.521913339142	232.848003786917	367.96486387432	304.741956955471	274.551945133179	282.839838416958	254.775892938484	282.23880530076	324.452009301183	271.246711839015	264.538465986833	283.146800507021	270.376611530995	212.719951832093	257.174807455522	246.103808213915	267.402521849427	235.644182400279	275.010622041811	296.675895848955	281.116690424925	167.090468321969	250.826371446311
"ENSG00000213995"	1096.92155343696	961.6162674006	1408.83623859803	1124.03543067835	1274.74830378493	1075.83898281997	1287.74780483626	1155.69710511438	1283.51909210126	1270.87877463547	1158.16835833722	1275.24037743579	1000.69201627473	1206.7509118398	1426.69232582473	1306.68498368364	1145.01369069486	1509.69529117967	1163.48443674515	1125.17508131241	1169.6376668226	1181.92874252833	1191.65424981597	1075.2428952777	1465.83384989752	1237.3504887011	1095.16194655192	1133.74321255672	1575.79494282033	1404.62414483721	1108.87194405273	1224.60309913864	1063.46120984087	1347.19865568675
"ENSG00000269113"	64.1411017371462	109.378153637983	64.0380108453651	48.1271116846105	32.8967304202561	26.1035455103633	15.3608088052039	52.8197945664707	64.8908538423085	20.0231132240992	30.9556519739903	19.9256308974342	80.3880013073882	65.1906254895449	57.1391169291508	29.6197119230816	34.1358425675639	16.5900581448315	35.279850662595	58.7686658356861	40.0498500701901	20.6291464301659	35.6277431101549	161.808396862178	60.9152589337358	32.7533952891467	88.3736402222696	46.7410912175828	71.2974705723922	26.6139311653366	23.8073249755334	39.5033257786659	119.226011250572	182.728714040073
"ENSG00000171291"	797.958791102802	901.230411746297	607.649569577131	473.784677250721	517.095481293401	580.803887605584	488.985746965656	759.548645865848	478.432566464478	485.266038136993	510.234539433357	595.957505932351	917.532014922258	499.794795419844	463.660125914672	461.383974186463	522.766046177551	510.736790030171	489.789416113686	553.404936619377	567.979691904514	607.953080089006	610.359493808181	661.848539423362	533.733697324161	638.084663781154	753.972576073541	655.462279167498	461.620911163624	482.993565593146	564.050468651099	608.167480592485	756.258421728081	531.161727768659
"ENSG00000162670"	3609.29589436145	5391.43148973891	2409.2522746934	2536.83353146436	3626.86452883324	2753.92405134333	1335.1102986523	6153.50606699383	2095.2046876203	3565.29198407932	2573.58885894106	4012.29749434698	4731.80407695557	1947.02668128774	2336.7518027484	1954.90098692339	2804.99094926611	2639.00424918142	4399.09712357741	2127.9154421338	2367.49227346737	2805.56391450256	2529.569760821	4559.86501609029	2658.99939790117	3839.42578111664	4539.49660787304	2946.86275095039	1614.46475736807	4324.27096379006	2785.45702213741	2479.52270410743	5609.71436876779	2798.8137193964
"ENSG00000065135"	1028.4319024295	1012.88727691841	813.994271189974	1041.68459512912	1031.1068941099	990.07019042878	1533.52074571952	1056.39589132941	1012.95722692824	892.795283756895	957.490338643769	1125.79814570503	841.764013690007	841.683409098346	747.57011315639	943.273902781214	918.741819961292	974.073413932252	815.565058402329	950.093431010258	983.04177445012	1044.80559272781	844.752540585516	1018.8709376612	1064.56666803243	1004.43745553383	1016.85618939295	1071.78409164039	1402.98920906012	827.003268433978	951.377332676123	955.429274646804	1155.70907256029	1080.48283084565
"ENSG00000189079"	2050.34098095352	1979.06096738725	1313.49075578382	1502.63537593062	1786.70367095016	1638.92975025781	1693.52917077372	2107.50980320218	1375.90607045302	1330.94811430777	1575.53594184861	1661.07304844974	1950.56403172295	1637.00904007079	1157.0671178153	1367.06362721915	1469.79184998054	1578.4255320654	1623.99908316009	1641.84960178448	1594.71221188575	1741.34265454635	1486.0519165683	1730.82788385478	1477.43675636108	1925.17178977318	2174.66274167205	1942.47279083303	1265.22799473381	1753.5623534494	1539.23512630276	1705.0737824466	2400.18495641662	1448.21018083934
"ENSG00000160993"	219.601738150907	158.370451621663	233.382972858664	243.84403253536	294.014528131039	187.386165985108	266.2540192902	200.715219352589	226.568065957891	265.011792671902	215.622127542967	212.841966404411	181.10400294538	241.929654594533	339.263506766833	234.679256005954	217.494082644764	336.54117950944	210.177833734609	194.67120558071	202.069698081413	225.70713153005	218.454319596476	152.413070592762	349.054102779026	248.683186454632	170.035358402342	178.268347899618	215.100843421793	266.139311653366	194.121265185119	233.345226692585	179.27414830378	251.961332403082
"ENSG00000188897"	94.5809466293512	102.542019035609	106.730018075609	69.5169390999929	75.0456662712093	61.5297858458564	97.2851224329577	77.1169000670472	42.8939542347463	43.5797170171572	38.4277058987466	35.3227093181789	125.664002043733	101.407639650403	36.9023463500766	35.3158103698281	47.7901795945895	56.8801993537082	88.9502617769683	90.6016931633493	67.3565660271378	60.6739600887232	80.6312080914033	49.0644816291766	79.286527501053	69.1460567215319	69.3565277693762	72.829142129722	84.5902193231772	78.8560923417381	64.0966441648976	61.5516936551306	108.782856980449	48.8033211411375
"ENSG00000230432"	675.112274216404	616.391469980717	1373.25956590616	1076.97781036451	952.977159361795	1003.12196318396	999.732639738684	745.815499278566	1413.30079978587	1449.90896346272	1073.84089261497	993.564413385698	551.628008971388	999.589590839688	1949.27716607259	1492.37779304757	1257.174316274	1312.9846017481	997.59407511891	1014.98383287049	983.04177445012	822.738898803086	1177.59066700933	672.287790833825	1299.5255239197	1035.97776210857	306.511106593695	727.204419175881	1111.75716824747	1239.02635091956	1172.05292187241	960.94136661592	367.250925165995	1029.40958779097
"ENSG00000254641"	134.805027379765	102.542019035609	163.6526943826	148.659300536908	112.054487993997	125.856380139252	190.730042664614	120.429131611553	183.674111723144	184.919339775505	160.115441244777	145.819389749405	96.0960015628548	162.252223440645	204.748502329457	182.275150295887	167.753283474886	174.195610520731	129.859875843169	184.876427941429	156.558504819834	143.190545809387	141.57340025351	98.1289632583533	159.53996387407	132.226669871	111.865367369962	176.09434365694	194.557504443307	111.384230432705	141.012617162775	182.817716975687	138.371794079131	214.507620829651
"ENSG00000278202"	123.933654203977	143.558826649853	68.3072115683895	74.8643959538385	60.6533467123472	62.4620553283694	39.6820894134433	122.541923394212	53.8924040385274	61.2471698619506	65.1136127728762	79.7025235897369	137.67600223909	49.2551392587672	64.8767056799733	38.7334694378759	69.2469949227726	33.1801162896631	84.4464510540838	52.6469298111354	58.2543273748219	77.6626689135656	58.1294756007791	187.906525388336	101.525431556226	59.4413470062291	125.289211454357	150.006292744801	24.1686340923363	84.7702992673684	65.0123105101105	68.9011496139522	157.51757690769	82.8521498442567
"ENSG00000140280"	412.025043362346	414.725499210685	519.419421301295	458.811798059953	462.610271534852	402.740416445605	578.590464996012	525.028757990719	556.521560071324	687.852830757291	568.943534556443	590.523242960324	397.320006461804	512.832920517753	813.042017971042	669.861177337384	557.877198532759	681.377388091296	506.678706324503	561.975367053748	489.700439494597	428.358158226386	480.036959799982	385.208377046089	678.770028118771	511.923437482218	344.545331499482	459.801897326454	627.176054696128	469.193749433341	567.71313403195	497.925641210161	380.304868003649	608.339072829063
"ENSG00000108055"	1026.25762779434	862.492315666178	757.071594882983	1004.25239715221	1015.68655172541	899.640050625021	1513.03966731258	971.88422002306	1018.45645183013	1047.09103860142	1041.81780436602	1029.79283319921	826.980013449568	1331.33744055315	917.797065674485	1281.62215051795	925.568988474805	1251.36438578158	931.162866956364	1401.87754962209	1141.42072700042	1120.04130323783	1051.01842174957	918.654124120754	1065.53357690439	1050.53482668152	1052.65310695134	993.519938903968	1330.48330678312	784.618118800294	1099.7152806006	1118.03598773573	1039.09384987725	1070.26818223471
"ENSG00000140009"	583.792739539788	617.530825747779	453.958343548255	438.49146201534	537.655937806061	489.441478319312	422.422242143106	660.247432080884	553.22202513019	409.884905999208	545.459936507209	493.612219959166	624.624010158556	462.129100692551	498.181675726034	419.23284568054	489.605513397631	438.451536684834	402.71574213792	464.027590660938	456.932380346259	440.49295024413	427.532917321859	576.246677857564	516.329337628808	419.728695186843	781.938917916031	469.584916418506	444.702867298988	407.094576714223	482.556163927158	483.226729292518	662.270033296973	553.860946904072
"ENSG00000215440"	391.36943432835	461.439085660241	559.265294716189	302.666057927662	650.738448625692	307.648929229282	220.171592874589	264.098972832353	233.167135840159	240.277358689191	228.431362842549	249.070386217928	355.740005785568	350.580697077108	219.033281561745	186.832029053284	255.531164362907	182.490639593147	354.299776866912	258.337260236037	298.553427795962	274.246299601029	274.708650823037	310.045766890755	339.385014059385	303.27217860321	374.748980689371	270.663528213444	210.267116603326	346.966806303647	261.880574730867	196.597946898477	295.889370986821	267.850785797871
"ENSG00000215817"	104.36518248756	96.8452402002974	91.0762820911859	101.601680223067	98.6901912607684	91.3624092862716	101.125324634259	134.162278198836	92.3869783517613	108.360377448066	130.227225545752	128.610890337985	98.8680016079372	101.407639650403	117.254229531695	112.78274924558	92.654429826245	144.570506690675	96.8319305420161	113.864290056642	101.034849040707	109.213128159702	99.3826518335901	91.8654124120754	104.426158172119	126.161226298935	110.746713696262	103.265201527218	126.885328984766	78.8560923417381	116.289625842029	134.127571248494	112.263908403823	130.520510028624
"ENSG00000286033"	131.543615427029	180.018211195847	136.614423136779	133.68642134614	56.5412554098152	46.6134741256488	44.8023590151779	99.3012137849649	146.279382390289	78.914622706744	57.6415588481199	47.0969457575718	124.740002028706	82.5747922867568	61.9007100065801	33.0373709911295	69.2469949227726	75.8402658049442	62.6780325601422	36.7304161473038	61.8952228357483	52.1796056763019	75.0057749687472	141.973819182298	73.4850742692686	146.783734443954	73.8311424641746	79.3511548577568	56.7962901169904	83.7845981130967	116.289625842029	37.6659617889605	103.561279845387	162.299416818201
"ENSG00000179636"	133.717890062186	159.509807388725	166.498828197949	163.632179727676	91.4940314813374	124.924110656739	148.487818450304	111.977964480918	113.284032978945	155.473585034182	152.643387320021	63.3997346736544	255.024004147576	149.214098342736	145.82378799627	144.68090054736	185.30885965249	86.5053031837645	175.273300632254	149.370358999035	165.66074347215	203.86450589811	150.011549937494	136.754193477067	106.359975916047	121.308871441284	198.001700244832	131.527256682035	130.510624098616	79.8417934960098	138.265618127136	188.329808944803	232.360182510239	162.299416818201
"ENSG00000157106"	3983.27113160854	3980.90905011576	3719.89689666188	3858.72486573499	4520.21636430832	3981.72295981292	3612.35020402377	5403.46498414995	3598.69277579718	3780.8349087858	4330.58896753375	5086.47014181776	4509.12007333396	3352.24683072904	3559.29082537835	3459.8101965538	4155.795005154	4175.95463588474	4133.74760848746	3729.36158615624	3524.38680617672	4394.00818962533	4041.87369862837	4493.05380706333	4228.29249709884	4202.13930672608	4920.95751060461	4017.55984046944	3790.85025738295	4576.61045928362	4267.92083503697	4209.40090041505	4418.32451911791	4226.59460301386
"ENSG00000066777"	3137.47829853227	3287.0413879748	2510.29002513831	2904.73856300894	3138.55368665756	3213.53290622223	2971.03643640651	3806.19439645988	2964.08222211901	3157.76273845942	3319.72681514172	3602.91635045424	3134.20805097311	3220.41689918352	3361.08951353036	3013.23607832888	3282.89274521201	2989.76547852929	3368.47510315734	3178.40534394669	3047.42950079537	3110.14719414795	3115.55237776434	3361.43895416912	3130.85092741963	3162.52227847427	3164.67124289621	3194.69923461572	2918.36256664961	3210.42865946301	3400.78480612043	3246.62216980943	3191.25389237845	2983.81235535001
"ENSG00000153002"	46.7469046558862	29.6232499436204	54.0765424916416	116.574559413834	85.3258945275393	63.3943248108823	106.245594235993	19.0151260439294	45.0936441955026	63.6028302412564	56.5741225731547	30.7941568414893	33.2640005409882	237.58361289523	23.8079653871462	47.8472269526703	75.0988536486407	112.575394554214	68.3077959637478	112.639942851732	84.6508194665381	93.4378985366337	73.1306305945286	25.0542033851115	52.2130790860593	141.931379586302	59.2886447060796	231.531451845236	66.4637437539249	10.842712696989	66.8436432005361	119.428659330851	46.1239313597103	46.5333992275962
"ENSG00000105443"	441.377750936972	352.060932022258	687.341316406919	594.637202147632	467.750385663017	572.413462262967	611.872217407287	507.070027838118	621.412413913633	630.139151464299	651.136127728762	456.478089650312	492.492008009631	525.871045615662	795.186043930682	626.570829142111	591.037731312678	599.61210152034	545.336415029261	559.526672643928	530.660513430018	516.942139955921	564.418456639823	424.877532405849	625.590040160747	534.972123056062	543.665685418013	438.061854899671	592.13153526224	478.065059821787	500.869490831414	578.769656757199	347.234879481593	492.573055238458
"ENSG00000133393"	438.116338984236	403.331941540062	297.420983704029	528.328737159946	557.188371493088	550.971264165169	729.638418247183	451.08104559766	575.218924737752	710.231604360696	819.791059173261	598.674637418365	424.1160068976	727.237644350034	672.575022186879	651.633662307795	545.198171293378	838.982940467195	463.8925044571	735.832670150986	654.450959101515	570.335224833998	535.353718839433	494.820516855952	694.240570070195	644.150107353218	457.529352543143	516.326007636089	995.747724604257	445.53692173082	562.219135960674	514.46191711751	529.119816352903	583.369931780109
"ENSG00000289469"	223.950287421222	295.093143669142	214.883103058892	214.967765524594	134.670990157924	183.657088055056	176.649301259844	217.617553613859	279.36062501604	235.566037930579	183.599039294012	232.767597301845	345.576005620266	136.175973244827	204.748502329457	198.224225946777	231.14841967179	186.045652052754	181.2783815961	179.979039121789	141.084699110897	237.841923547795	263.457784577725	281.859788082504	195.31559213674	200.159637878119	238.273232498018	275.011536698801	183.681619101756	145.883770832215	215.181591125013	223.239724749205	341.143039490688	189.538479780697
"ENSG00000167554"	186.987618623545	184.575634264096	156.537359844226	178.605058918443	147.00726406552	188.318435467621	172.809099058543	165.854154938718	184.773956703523	206.120283189257	199.610583418489	207.407703432384	245.784003997302	146.316737209867	157.132571555165	173.161392781092	206.765674980673	210.930739270001	159.509963102158	204.465983219991	212.992384464193	235.414965144246	170.6381380539	222.356055042864	183.712685673172	202.585815306944	208.069583308129	197.834386083722	170.388870350971	173.483403151824	206.940594018098	195.679264903624	209.733348258305	202.023050305174
"ENSG00000273259"	675.112274216404	79.7549036943626	239.075240489363	374.321979769193	563.356508446886	3131.49319176108	2698.38208011414	177.474509743341	233.167135840159	61.2471698619506	627.652529679528	3456.1912502095	60.9840009918117	276.697988188957	27.3791601952181	100.251332662738	112.160625579139	250.035876325675	87.4489915360068	286.49724594897	994.87468469813	661.346164967082	129.384961821089	2120.21196146506	225.289767167626	155.275355444843	973.228696118666	2422.92772846493	628.384486400745	1407.58124830002	304.91689295587	1502.04506158416	118.355748394728	248.55644953277
"ENSG00000100578"	1211.07097178273	1241.89778609793	784.109866128804	1073.7693362522	1065.03164735579	1215.67940519692	1198.1430868059	1452.54435057794	1097.64529041735	1044.73537822212	1157.10092206226	1326.86587567005	1389.69602260129	889.489867790679	1006.4817367416	968.336735946898	1113.80377749023	1043.98865897119	1046.01004038992	1121.50203969768	1140.51050313519	1266.87228665254	994.76409052301	1368.58585991171	932.100152573354	1203.38400469754	1304.35018353375	1272.87948408813	917.199663804164	1268.59738554771	1161.98059207507	1153.86458553499	1147.8767068577	1094.1023623269
"ENSG00000179583"	788.174555244593	483.086845234425	673.110647330171	455.603323947646	389.620650914909	499.696442626955	648.994172019863	737.364332147931	574.119079757374	446.397641878448	586.022514955885	566.0690595862	519.288008445427	512.832920517753	586.866346793153	471.636951390607	502.284540637012	456.226598982868	542.333874547338	541.161464570276	556.146781656503	531.503890377215	474.411526677326	845.579364247512	520.196973116665	402.745453185063	962.04215938167	631.548232498037	338.360877292709	593.392094871579	581.448129210143	608.167480592485	568.281644865865	505.057625762935
"ENSG00000144741"	2654.78932952731	2601.14921620328	2377.94480272456	2422.39795479206	3513.78201801361	2594.50596983361	3095.20297424858	2165.6115772253	2221.68686036378	2378.0391529092	2432.68727064565	2929.97345241817	2425.50003944706	2688.75113130212	2082.00657310593	2523.37161190868	2382.68181121596	2941.18030824799	2656.8730089416	2658.05778185988	2816.23263902655	2866.23787459128	2390.80907712882	2806.07077913249	2572.94450829637	2701.54856699739	3635.62443952375	2783.81243274952	2662.17504527085	2952.17495704382	2628.87807710602	2762.47675852206	3084.21156110969	2555.93207464748
"ENSG00000172803"	1798.12512327525	1624.72132383087	2861.78755133398	2840.56908076279	2145.48363709608	3023.34993178958	4059.09372677512	1468.39028894788	3322.63168572227	3826.77028618226	2941.85437380404	2304.12750013967	1522.75202476524	2435.23203217611	3992.00059628973	3656.89520281123	2999.0775970074	3032.42562804457	2436.18628352026	2984.95848557089	3038.32726214305	2556.80067813879	2906.47378003896	2035.65402504031	2775.99537140882	2363.09681567621	1540.38610868437	2432.71074755698	3301.43541701314	2103.48626321586	2494.27512435973	3059.21104285948	1180.94669537975	2692.12738945996
"ENSG00000070367"	2101.43643487972	2246.8095726469	1667.83441579484	2410.6335497136	2605.00984015403	2501.27902158231	3443.38130716653	2426.54136238366	2513.14578016398	2607.71603989151	2593.8701481654	2958.05047777365	1771.30802880762	2955.30835552603	2854.57504991883	3242.21923588809	2416.81765378353	3647.44278355654	2353.61642026738	3035.1567209722	2767.08055030404	2564.08155334944	2210.79521720382	2117.08018604192	2972.27787241752	2851.97156758459	2127.67928737667	2371.83862876199	3250.68128541924	2326.25472408127	2686.56505685442	2689.90088092869	2788.32219012287	2743.20063251464
"ENSG00000107829"	2444.97182723461	2532.78787017954	2476.13641935412	1968.93361358595	2230.80953162362	2161.00066046508	1482.31804970217	2123.35574157212	1682.76281997851	1691.36415234156	1837.05782921508	1892.93493525625	2516.97604093478	1860.10584730168	1573.11131295568	1428.58149044401	1963.29860252875	1581.98054452501	2080.38523641238	1721.43217010364	1923.30302723435	2025.29678776158	2029.84378509172	2388.50072271396	1662.11635090622	1863.30426533812	2665.75170442618	2135.9591684314	1487.5794283833	2259.2270455908	1954.03198068416	1706.91114643631	2427.16310494778	1712.6560837669
"ENSG00000197122"	909.933934813413	943.386575127603	1159.79952975495	758.269381875308	772.045142050386	738.357430150277	577.310397595578	1072.24182969935	778.690246107702	864.527359205226	869.960564096624	847.745023636293	1004.38801633484	657.700977161186	960.651403371348	837.32647167173	808.531813957443	702.707462848936	833.580301293867	613.397949659973	597.106855591925	728.087521064678	788.498209358955	890.468145312504	763.858008851608	729.066317362117	701.395853409659	706.551378870437	746.810793453193	1152.28464934365	804.870717442072	746.888461815242	902.462581509804	844.410951837356
"ENSG00000076716"	626.19109492536	702.982508277453	372.843529810792	344.376221387657	419.433312858266	350.533325424879	335.377658913617	402.486834596507	391.544813014607	368.660849361357	414.165274686491	294.355910984824	548.856008926305	315.812363482684	252.364433103749	442.017239467525	380.370817181427	337.726183662642	349.420648583787	352.611995014116	326.770367618142	359.189843725241	330.025409862488	384.164451905043	309.410839028499	344.517194893246	513.462036228124	318.491621552366	306.941652972671	480.03646213033	525.592482152161	313.270560244769	645.735039035945	517.542196287412
"ENSG00000250354"	280.481427935317	304.20798980564	184.998697997721	204.272851816902	192.240268393372	204.167016670342	124.166537842064	304.242016702871	173.775506899741	179.03018882724	210.284946168141	207.407703432384	340.032005530102	210.058682132978	211.295692810922	173.161392781092	253.580544787618	132.720465158652	259.719751686338	188.549469556159	188.41634010294	171.100567450199	165.950277118353	296.474740057153	142.135604178717	200.159637878119	255.053037603512	246.749481543983	95.4661046647285	189.254621620171	223.422588231929	183.736398970539	353.326719472498	212.23769891611
"ENSG00000181450"	870.796991380578	1034.53503649259	660.303045161098	720.837183898388	867.651264834255	862.349271324502	879.40630409792	610.596825188401	603.814894227583	736.14386853306	678.889470877856	830.536524224872	686.532011165396	832.99132569974	544.607208230969	693.784790813719	666.136584961319	917.193214578544	697.715344486852	864.389126666549	838.316179878297	698.964020222091	708.804573454661	835.140112837049	788.030730650709	925.586689096997	1012.38157469815	890.254737376751	683.972344813118	999.50097043153	767.328397288346	783.63574160935	1097.40146121877	733.184778073833
"ENSG00000236279"	412.025043362346	366.872556994068	569.226763069912	528.328737159946	437.93772371966	409.266302823196	395.540826733999	307.411204376859	541.123730346031	521.778774016233	361.860897213197	407.569722902064	577.500009392156	446.193614461774	879.704321055051	488.725246730846	546.173481081023	458.596607289272	513.059104848589	504.431048422972	414.151858680374	521.796056763019	526.915569155449	383.120526763996	379.028277809912	351.795727179724	382.579556405269	454.366886719758	340.777740701942	510.593197912754	408.387189964919	434.536583565325	288.927268140072	373.402154777541
"ENSG00000267128"	752.299023764495	642.59665262315	932.108824526981	1087.6727240722	776.157233352918	1173.72727848384	942.12960671917	600.032866275107	1039.35350645731	1213.16509534248	1116.53834361358	866.764944038389	805.728013103937	1229.92980090275	1617.1560489219	1266.81229455641	1196.70510944003	1109.16388739731	1145.09387629338	1150.88637261552	984.862222180583	955.008131796502	1172.90280607379	768.328903810085	848.945989584445	832.178858087208	576.106641955302	865.253688585951	946.202024714967	1060.61444199638	839.666038560159	1035.35460819899	613.535313369732	754.749036252476
"ENSG00000183474"	471.817595829177	595.883066173595	368.574329087768	471.645694509183	562.328485621253	349.601055942366	477.465140361753	988.786554284331	305.756904545115	661.940566584928	570.010970831408	326.055778321651	743.820012097098	531.665767881399	504.728866207499	292.779460162768	474.000556795316	331.801162896631	284.866028222443	351.387647809206	631.695362470725	389.526823769603	508.164125413263	744.31862556602	252.36321558262	396.680009612999	409.427244574059	707.638380991776	524.459359803698	478.065059821787	528.339481187799	597.143296654253	751.036844593019	668.492003537907
"ENSG00000232545"	34.78839416252	45.5742306824929	56.9226763069912	44.9186375723031	34.9527760715221	26.1035455103633	7.68040440260192	40.1430438705177	25.2964345486966	23.5566037930579	27.7533431490948	45.285524766896	50.8200008265098	31.8709724615553	22.6175671177889	20.5059544082873	37.061771930498	15.4050539916293	39.0330262649987	23.2625968932924	36.4089546092637	33.977417649685	37.5028874843736	56.3719576165008	28.0403572869578	33.9664840035595	35.7969175583877	30.4360593974958	16.9180438646354	53.2278623306732	32.9639884276616	20.2110038867593	33.0699885220565	24.9691410489541
"ENSG00000283154"	22478.7383155758	30793.3683163934	15780.3889392056	15161.1096720231	19190.1020860913	15418.8049712821	7694.4851440067	38847.9025077479	10836.7725916655	13934.9089737834	15983.7907813286	17637.8061862107	29098.6084732445	9862.61729628492	10249.3290991664	9220.84416559317	16512.9700146121	9072.39179691645	21761.6627778573	10012.711441755	11431.5015234436	14323.9084977458	13548.8556759171	30369.8702033193	12762.2302010536	17564.3114959835	22046.426601272	17868.1408705727	7668.70759749832	20440.4848361328	17913.1807113985	13452.260450628	33170.9390133343	21395.1489960833
"ENSG00000173457"	121.75937956882	95.7058844332351	110.999218798633	75.9338873246077	81.2138032250073	97.8882956638624	166.408762056375	114.090756263577	105.585118116299	130.739151051472	97.1367010218317	127.705179842647	97.0200015778823	76.7800700210195	123.80142001316	116.200408313628	71.1976144980619	135.090473465057	101.711058825141	115.088637261552	98.304177445012	123.774878580995	83.4439246527313	92.9093375531217	90.8894339646217	64.2937018638805	120.814596759559	103.265201527218	96.6745363693453	86.7417015759119	89.7353018308567	133.208889253641	178.403885447936	119.170900460917
"ENSG00000166250"	273.958604029845	348.642864721071	213.460036151217	223.523696490747	266.257911838948	223.744675803114	168.968896857242	292.621661898248	210.070391252219	177.852358637587	232.70110794241	174.802125600218	350.196005695404	334.64521084633	177.369342134239	168.604514023695	239.926207760592	183.675643746349	247.709589758646	228.952927318194	209.351489003266	214.78581871408	235.330618964444	301.694365762384	172.109779209603	197.733460449293	342.308024152082	261.967511242731	203.016526375625	206.997242397062	195.952597875544	166.281441068338	239.322285356988	135.060353855706
"ENSG00000114378"	196.771854481754	197.108547701782	136.614423136779	95.1847319984519	82.2418260506403	88.5656008387327	60.1631678203817	154.233800134094	112.184187998567	83.6259434653556	83.2600294472843	109.590969935888	195.888003185819	84.0234728531912	82.1374805856543	66.0747419822589	81.9260221621534	65.1752284261239	88.5749442167279	72.2364850896974	84.6508194665381	128.628795388093	107.820801517574	162.852322003225	87.9887073487295	78.8507664368346	217.018812697725	179.355350020957	78.5480608000931	112.369931586977	87.903969140431	103.811065418355	179.27414830378	85.122071757798
"ENSG00000272297"	182.63906935323	284.838941765581	116.691486429332	144.381335053831	143.923195588621	147.29857823705	40.9621568138769	169.023342612706	135.280932586508	74.2033019481325	93.9343921969361	85.1367865617645	328.944005349772	57.9472226573732	103.564649434086	80.8845979437997	133.617440907322	90.0603156433713	113.345903192592	94.2747347780797	90.1121626579276	82.5165857206635	150.949122124604	201.477552221938	116.995973507651	81.2769438656603	202.47631493963	83.6991633431133	71.2974705723922	127.155448901053	125.446289294157	73.4945595882157	294.148845275134	152.084768207266
"ENSG00000068784"	811.004438913747	860.213604132054	616.18797102318	697.308373741468	664.102745358921	583.600696053123	597.791476002517	654.965452624236	644.509158501573	614.827358998812	590.292260055746	749.02257964446	652.34401060938	638.86812979754	568.415173618115	543.407791819612	967.507309343526	644.642259342026	727.365431745842	689.307476364401	762.767599064074	726.874041862903	678.802263467162	858.106465940068	688.439116838411	733.918672219768	823.329103842917	697.855361899724	543.794267077567	595.363497180122	782.894725156964	684.418086165259	760.609736007299	564.075595515008
"ENSG00000273184"	669.67658762851	325.855749379824	274.651913181233	299.457583815354	468.77840848865	637.672326038875	823.08333847884	593.69449092713	337.65240897608	243.81084925815	338.377299163963	537.992034230724	410.256006672188	298.428196685472	252.364433103749	259.742089171639	235.049658822369	343.651204428653	239.077285873117	320.778967686453	320.39880056152	464.762534279619	274.708650823037	624.267234345694	269.767575277973	246.257009025806	673.429511567169	452.19288247708	322.65126513269	953.173016180759	244.482914171824	728.514821918188	476.033782146444	375.672076691082
"ENSG00000126603"	169.593421542285	209.641461139467	187.844831813071	152.937266019984	180.932017311409	153.824464614641	144.647616249003	238.745471440447	135.280932586508	109.538207637719	108.878500046449	153.970784207446	234.696003816972	98.5102785175345	152.370978477735	107.086650798833	131.666821332032	120.87042362663	125.356065120284	83.2556099338886	120.14955021057	131.055753791642	122.821956511324	189.994375670429	139.234877562825	97.0470971530272	240.510539845417	123.918241832661	126.885328984766	258.253702419192	121.783623913306	140.558345212463	245.414125347893	132.790431942165
"ENSG00000182973"	763.170396940282	860.213604132054	570.649829977587	607.471098596861	670.270882312719	699.202111884732	656.674576422465	670.811390994178	566.420164894727	504.11132117144	567.876098281477	567.880480576876	878.724014291105	560.639379210086	588.05674506251	549.103890266359	547.148790868668	564.061976924273	552.467448673828	504.431048422972	605.298870379009	702.604457827414	663.801108473413	761.021427822761	562.740963483083	528.906679483998	748.379307705043	668.506304623567	623.550759582277	697.876417224382	627.231446470784	573.257564788082	689.248181828124	573.155283169173
"ENSG00000205758"	462.033359970969	453.463595290804	404.151001779638	447.047392981493	393.732742217441	543.513108305065	533.788105980834	418.332772966448	436.63845721011	376.905660688927	471.806833534611	416.626827855443	527.604008580674	524.422365049228	494.015281783283	526.319496479373	446.691882741265	385.126349790732	405.342965059602	501.982354013152	544.313871408492	491.459076718658	497.85083135506	432.185008393173	389.664275401516	406.384719328301	494.44492377523	502.19498005868	395.157167409699	413.994484794125	502.70082352184	406.976123719744	434.261165065952	451.714460794715
"ENSG00000197114"	357.668177483409	356.618355090507	404.151001779638	253.469454872282	349.527760715221	247.051412865938	207.370918870252	421.501960640436	252.964345486966	247.344339827108	258.319578541574	245.447544236576	450.912007333396	225.994168363756	311.289147436936	210.755642529619	275.037360115801	223.965784955226	305.133176475423	230.177274523104	243.029772016835	279.100216408127	273.771078635927	359.110248519931	307.477021284571	306.911444746448	409.427244574059	276.09853882014	306.941652972671	323.309978601126	231.663585338844	235.18259068229	360.288822319247	250.826371446311
"ENSG00000057252"	765.34467157544	603.858556543031	429.766206117784	524.05077167687	444.105860673458	655.385446206622	889.64684330139	647.57068138493	630.211173756658	577.136792929919	757.87975522528	611.354584353096	504.504008204988	630.176046398934	543.416809961611	629.988488210159	546.173481081023	545.101910473036	502.550213161859	606.051866430512	605.298870379009	632.222664124495	544.729440710527	619.047608640463	611.086407081286	492.514018051613	645.463169724678	696.768359778385	651.344688788464	680.133796447491	543.905809056417	846.106117259333	629.200044774916	649.197667272806
"ENSG00000115568"	819.701537454377	767.925787000006	1027.45430734119	863.079536210682	727.840160548167	868.875157702093	796.201923069733	801.804481519025	871.077224459464	826.836793136333	814.453877798435	717.322712307632	851.928013855309	773.595422475932	920.177862213199	918.211069615529	835.840488011494	757.21765389624	705.972330812141	756.646572634458	793.715210481948	847.008482838575	918.820743367154	768.328903810085	730.98310720483	713.29616407475	828.922372211415	763.075489180072	674.304891176184	1026.11490159687	776.485060740474	834.163251326248	705.783176089152	764.963684863411
"ENSG00000198624"	214.166051563014	172.042720826411	145.152824582828	199.994886333826	114.110533645263	192.979782880186	275.214491093236	189.094864547965	358.549463603264	210.831603947868	232.70110794241	139.47941628204	143.220002329255	236.134932328796	249.388437430356	205.059544082873	271.136120965222	150.495527456686	128.733923162448	235.074663342744	140.174475245665	189.302755476816	151.886694311713	181.642974542058	236.892673631195	152.849178016018	191.289778202634	251.09749002934	256.187521378765	130.112552363868	167.566941173947	258.149640553608	300.240685266039	329.138677463486
"ENSG00000120868"	984.946409726347	795.270325409501	596.265034315733	974.30663877067	704.195635558608	921.08224872282	883.246506299221	1083.86218450398	921.670093556857	998.800000825656	1143.22425048771	1066.92696350807	860.244013990556	851.824173063386	901.726689038161	997.95644786998	972.38385828175	913.638202118937	824.572679848098	961.112555854449	921.146551614371	927.09811015569	831.626529965985	958.323279480514	1064.56666803243	1004.43745553383	983.296579181962	841.33964191649	1044.08499278893	850.660096136499	955.955664402187	951.754546667393	885.057324392932	1100.91212806752
"ENSG00000287394"	145.676400555552	203.944682304156	153.691226028876	50.2660944261487	222.052930336729	91.3624092862716	107.525661636427	140.500653546812	217.769306114866	221.432075654744	134.496970645613	236.390439283197	50.8200008265098	28.9736113286866	67.8527013533666	230.122377248557	100.456908127402	100.725353022192	44.6627896686043	48.973888196405	159.289176415529	179.594921862621	107.820801517574	96.0411129762607	311.344656772428	234.126121881678	51.4580689901823	80.4381569790959	145.011804554018	126.169747746781	198.699596911183	75.3319235779211	80.0641827376104	390.4265691291
"ENSG00000240972"	284.829977205632	259.77311489021	628.995573192253	451.32535846457	528.403732375364	472.660627634079	682.275924431138	226.068720744494	775.390711166568	819.769811998416	535.853010032522	427.495353799498	184.80000300549	430.258128230996	868.990736630835	690.367131745671	602.741448764415	598.427097367138	634.66199436647	473.822368300219	550.685438465113	401.661615787347	469.72366574178	331.968194852727	654.597306319669	430.646493616558	278.544764751204	341.318666100488	671.88802776695	441.594117113733	455.086173570773	519.974009086626	191.45782828559	652.602550143118
"ENSG00000131788"	288.091389158369	254.076336054898	357.18979382637	325.125376713813	365.976125925349	311.378007159334	469.784735959151	230.294304309812	365.148533485533	367.483019171704	329.837808964242	284.393095536107	270.732004403043	269.454585356786	363.071472153979	430.625042574032	346.234974613863	308.101079832586	282.23880530076	381.996327931959	380.473575666806	313.077634057812	363.778008598424	291.255114351921	314.24538338832	264.453339741999	238.273232498018	354.362691556558	292.44047251727	208.968644705606	327.808551586191	309.595832265359	255.857279618016	310.979302155155
"ENSG00000261002"	232.647385961852	193.690480400595	221.998437597266	284.484704624586	237.473272721224	227.473753733166	485.145544764355	196.489635787271	271.661710153393	263.833962482249	283.938049140739	234.579018292521	174.636002840188	425.912086531693	225.58047204321	346.322785562185	228.222490308856	398.161395475957	198.167671806917	370.977203087768	309.476114178741	300.942842040067	264.395356764834	204.609327645077	257.19775994244	277.79731560054	202.47631493963	292.403570640227	398.782462523549	184.326115848813	271.037238182996	327.05079016756	215.825188249211	249.691410489541
"ENSG00000161654"	416.373592632661	503.595249041547	372.843529810792	454.533832576877	361.864034622817	474.525166599105	518.42729717563	404.599626379165	444.337372072757	446.397641878448	449.390671760342	393.078354976657	463.84800754378	491.102712021238	518.418446305108	497.839004245641	444.741263165976	432.526515918822	332.15604081273	472.598021095309	476.957305381354	474.470367893815	482.84967636131	409.218655290154	344.219558419206	399.106187041824	411.664551921459	415.234810351549	546.211130486801	366.680829389082	455.086173570773	429.943173591062	443.834056480231	414.260749221284
"ENSG00000244265"	122.846516886399	152.673672786351	190.690965628421	94.1152406276827	105.886351040199	108.143259971505	103.685459435126	170.079738504036	107.784808077055	95.4042453618846	89.6646470970754	125.893758851971	157.080002554667	101.407639650403	107.731043376836	76.3277191864026	108.25938642856	107.835377941405	121.22757195764	99.1721235977202	88.2917149274645	94.6513777384081	91.8820743367154	158.676621439039	98.6247049403342	118.882694012458	123.051904106958	125.005243954	88.2155144370276	146.869471986487	118.120958532454	120.347341325703	121.836799818103	102.146486109358
"ENSG00000143248"	2558.0341082628	3559.3474163027	1692.02655322531	2859.81992543663	3698.82612662755	2532.04391450524	4322.78761126445	2188.85228683454	4194.80875516211	3261.41179514887	3112.64417779847	2162.83666286695	2103.02403420248	4347.49037986943	5019.31430274509	4837.12680097709	2768.90448712326	3436.51204428653	2213.24765273748	3371.85220232249	3149.37457370131	3015.49581640954	3295.56623768933	2221.47270014655	3119.24802095606	2626.3370667038	3806.77845159979	1546.80401866559	4256.09646366043	2489.88111569038	3518.90576465288	3419.33438484174	4189.44538803105	4064.29518619566
"ENSG00000196376"	7824.12727461426	9472.60384735615	6137.68757280133	6199.8414763486	7193.07571095413	6341.29702005326	4006.61096335734	11774.5886047576	5403.53838859766	6907.97406231424	5962.69903195551	7442.22314019169	8291.97613485634	4838.59309189066	5685.34213445051	5292.81467671681	6662.34115940084	4826.52191599278	7969.11775658383	5543.84414383305	5917.36534787058	6522.45070953774	6942.72204554467	7655.1030592926	5687.3579848926	6594.3502515482	9018.5859173663	6079.60286464978	5721.92412136063	6789.50955062365	6008.60255728655	5656.32504230805	8887.9945467306	5605.57216549019
"ENSG00000125971"	352.232490895515	409.028720375374	747.11012652926	762.547347358384	345.415669412689	719.712040500017	869.165764894451	381.358916769918	819.384510381692	932.841510205094	783.498225824444	352.321382686451	463.84800754378	672.187782825529	943.390628465667	980.86815252974	777.321900752813	436.081528378429	404.967647499362	827.658710519245	767.318718390232	680.761832195474	754.745610623019	528.226121369434	435.108992383827	406.384719328301	373.630327015672	634.809238862054	503.916020825213	372.595036314712	665.689432969722	790.985197568172	285.446216716698	692.32618363009
"ENSG00000163032"	7973.06508712255	8449.46236853419	11050.1145380947	16228.4620600507	12533.6542901176	16912.3006822679	18887.3944933986	9358.61120128727	17066.2945605271	21096.116526873	16961.5624091968	14311.1315368345	8387.14813640416	17508.7533259253	30631.3282671023	21648.5917567046	19881.6900211369	21008.9386321227	18040.389168074	18539.0653767491	15332.7210098262	13963.5051748187	17689.1744541919	10969.5653821146	17296.0659016931	15101.7414057254	6463.58092663638	12888.5841527181	22232.7265015402	14774.6746013789	15430.8092495265	16732.873854247	4380.03295346079	17110.6713842742
"ENSG00000073282"	26.09129562189	132.165268979229	36.9997395995443	25.6677928984589	35.9807988971551	17.7131201677465	16.6408762056375	48.594211001153	36.2948843524777	25.9122641723637	45.8997598235029	30.7941568414893	51.7440008415372	24.6275696293836	16.6655757710023	35.3158103698281	42.9136306563661	17.7750622980338	40.5342965059602	14.6921664589215	22.7555966307898	30.3369800443616	27.1895934261709	98.1289632583533	29.0072661589218	52.1628147197521	40.2715322531862	32.610063640174	19.3349072738691	37.4566438623256	44.8676509154284	30.316505830139	83.5452341609847	53.3431649682201
"ENSG00000261105"	206.556090339962	275.724095629082	126.652954783055	193.577938109211	274.482094444012	163.147159439771	142.087481448136	242.971055005765	157.27783219407	188.452830344463	162.250313794708	190.199204020963	194.964003170792	172.392987405685	141.65739405352	161.769195887599	161.901424749018	155.235544069495	232.696887349031	135.902539745024	172.032310528771	172.314046651974	166.887849305463	229.663531030189	179.845050185315	173.471686161036	175.62862677084	168.485328807566	148.637099667868	144.898069677944	186.795934423416	141.477027207315	218.435976816741	162.299416818201
"ENSG00000235790"	285.917114523211	289.39636483383	371.420462903118	265.233859950742	363.920080274083	163.147159439771	234.252334279359	250.365826245071	197.97209646806	217.898585085786	217.757000092897	164.839310151501	256.872004177631	312.915002349815	216.057285888352	218.730180355064	183.358240077201	233.445818180844	235.324110270714	230.177274523104	237.568428825446	186.875797073267	251.269346145303	266.200910966809	247.5286712228	265.666428456412	331.121487415086	227.183443359879	378.239123545064	205.025840088519	229.832252648419	192.004536924213	198.419931132339	282.605278235889
"ENSG00000258301"	252.21585767827	236.985999548963	264.690444827509	210.689800041517	195.324336870271	177.131201677465	199.69051446765	230.294304309812	225.468220977513	183.741509585852	197.475710868559	171.179283618867	216.216003516423	205.712640433675	183.916532615704	202.781104704174	209.691604343607	186.045652052754	181.65369915634	209.363372039632	190.236787833403	190.516234678591	227.83004146757	186.86260024729	165.341417105854	185.602573305164	213.662851676627	184.790360627653	195.765936147924	192.211725082987	186.795934423416	191.085854929361	181.014674015467	183.863674996844
"ENSG00000239775"	75.0124749129337	63.8039229554901	82.5378806451372	81.2813441784533	79.1577575737413	57.8007079158045	52.4827634177798	62.3273575884354	65.9906988226866	51.8245283447274	57.6415588481199	92.3824705244678	82.2360013374431	49.2551392587672	64.8767056799733	41.0119088165745	48.7654893822342	60.4352118133149	66.0558906023055	46.5251937865848	46.4214171268112	82.5165857206635	66.5676252847632	77.2504604374271	69.6174387814124	75.2115002935961	64.8819130745777	47.8280933389219	55.5878584123736	68.9990807990208	53.1086480223438	62.4703756499833	73.1020798908617	60.1529307088439
"ENSG00000286677"	82.622436135985	88.8697498308612	51.2304086762921	68.4474477292238	97.6621684351354	48.4780130906747	34.5618198117087	125.7111110682	74.7894586657115	44.7575472068101	56.5741225731547	66.1168661596681	80.3880013073882	28.9736113286866	21.4271688484316	13.6706362721915	68.2716851351279	21.3300747576406	49.5419179517292	19.589555278562	47.3316409920428	46.1122096674296	35.6277431101549	68.8990593090566	63.815985549628	41.2450162900366	138.713055538752	61.9591209163307	18.1264755692522	54.2135634849449	55.8556470579822	37.6659617889605	130.539428376539	74.9074231468622
"ENSG00000163898"	92.4066719941937	88.8697498308612	42.6920072302434	58.8220253923017	28.7846391177241	39.155318265545	51.2026960173462	135.218674090165	73.6896136853334	51.8245283447274	16.0115441244777	39.8512617948685	108.108001758212	20.2815279300806	38.6879437541125	48.9864466420196	21.456815328183	22.5150789108428	36.7811209035565	31.8330273276633	33.6782830135689	46.1122096674296	61.8797643492165	59.5037330396398	53.1799879580233	36.3926614323852	92.8482549170681	75.0031463724003	30.2107926154204	25.6282300110649	39.3736528441514	49.6088277220456	85.2857598726719	48.8033211411375
"ENSG00000204261"	58.7054151492525	27.3445384094957	31.3074719688452	31.0152497523045	31.8687075946231	48.4780130906747	140.807414047702	32.7482726312118	50.5928690973931	35.3349056895869	35.225397073851	48.0026562529098	20.3280003306039	37.6656947272926	31.5455541379687	37.5942497485266	36.0864621428533	36.7351287492699	28.8994521385087	39.179110557124	35.4987307440321	31.550459246136	27.1895934261709	35.4934547955746	38.6763548785624	26.6879517170825	48.1021079690835	43.4800848535654	39.8782462523549	80.8274946502815	42.1206518797899	48.6901457271929	41.7726170804924	46.5333992275962
"ENSG00000091409"	1095.83441611938	816.918084983685	718.648788375764	737.949045830694	960.173319141226	1035.75139507192	1127.73937978205	601.089262166436	868.877534498708	637.206132602217	876.365181746415	1308.75166576329	627.396010203639	805.466394937488	664.837433436057	817.959736952792	663.210655598385	816.467861556352	783.287748221657	841.126529773257	803.727672999496	1075.14257277217	679.739835654272	880.028893902041	770.626370955356	827.326503229557	1279.73980271236	1422.88577683293	1232.60033870915	740.261566858066	875.377026023459	793.741243552729	1315.83743803551	699.135949370714
"ENSG00000197980"	138.066439332501	218.756307275966	75.4225461067634	144.381335053831	218.96886185983	115.601415831609	144.647616249003	99.3012137849649	141.880002468776	88.3372642239672	87.529774547145	146.725100244743	151.536002464502	228.891529496624	83.3278788550116	118.478847692326	106.308766853271	111.390390401012	173.396712831052	124.883414900833	133.802908189044	141.977066607612	190.327153983196	140.929894041252	150.837784026393	129.800492442174	166.679397381243	133.701260924714	151.053963077102	78.8560923417381	149.25361426969	117.591295341145	293.27858241929	80.5822279307154
"ENSG00000089876"	717.510629601975	759.950296630569	590.572766685034	585.01177981071	627.093923636133	718.779771017504	773.160709861927	713.067226647354	680.804042854051	640.739623171176	659.675617928483	740.871185186418	761.376012382619	709.853477552822	592.81833813994	591.255018772283	659.309416447806	635.162226116408	717.231857619352	632.987504938535	638.066929527346	694.110103414993	630.048509737477	822.613011144494	667.167121655202	730.27940607653	760.684498115739	751.118465845342	555.878584123736	664.362577979143	650.123105101105	720.246683964514	898.98153008643	685.516417889467
"ENSG00000286989"	71.7510629601975	90.0091055979235	108.153084983283	58.8220253923017	132.614944506658	51.2748215382137	62.7233026212491	64.4401493710942	90.1872883910051	57.7136792929919	40.562578448677	56.154050710951	93.3240015177725	57.9472226573732	105.9454459728	58.1002041568139	70.2223047104172	54.5101910473036	115.973126114275	61.2173602455063	50.9725364529692	76.4491897117912	70.3179140332005	73.0747598732418	102.49234042819	80.0638551512474	54.8140300112812	68.4811336443655	71.2974705723922	82.798896958825	89.7353018308567	49.6088277220456	43.5131427921796	65.8277354926971
"ENSG00000229751"	312.008410145101	443.209393387244	293.151782981005	204.272851816902	197.380382521537	192.047513397673	79.3641788268866	519.746778534071	164.976747056717	155.473585034182	212.419818718071	229.144755320494	462.000007513725	181.085070804291	158.322969824522	159.490756508901	207.740984768318	78.2102741113487	286.367298463404	133.453845335204	233.017309499288	226.920610731825	270.02078988749	385.208377046089	171.142870337639	188.02875073399	385.935517426367	279.359545184157	99.091399778579	204.040138934247	268.290239147357	163.52539508378	428.169325075047	202.023050305174
"ENSG00000254221"	574.00850368158	630.063739185465	583.45743214666	562.552461024558	636.34612906683	546.309916752604	526.107701578232	514.464799077424	481.732101405613	625.427830705688	505.964794333497	556.106244137483	617.232010038337	508.48687881845	545.797606500326	618.596291316666	573.482155135074	541.54689801343	486.786875631763	531.366686930995	542.493423678029	590.964371264164	585.045044756228	590.861629832212	491.189706957743	493.727106766026	643.225862377279	473.932924903863	564.337606056053	714.633336847001	614.412117637804	530.079511030006	757.128684583924	541.376376379595
"ENSG00000259933"	505.518852674119	526.382364382793	862.378546050917	399.989772667652	727.840160548167	349.601055942366	217.611458073721	504.95723605546	391.544813014607	319.191981395935	278.600867765913	364.095619125844	510.048008295153	289.736113286866	426.162580429916	252.906771035543	315.025061409233	338.911187815844	494.293226836571	275.478121104778	292.181860739341	316.718071663135	429.408061696078	402.955104443876	429.307539152043	420.941783901255	401.596668858162	388.059757318071	343.194604111176	756.032785326414	306.748225646296	282.035372419778	357.678033751716	331.408599377027
"ENSG00000167136"	140.240713967659	129.886557445105	414.112470133361	171.11861932306	170.651789055079	165.94396788731	200.970581868084	139.444257655483	173.775506899741	214.365094516827	190.003656943803	126.799469347309	142.296002314227	198.469237601503	279.743593298968	197.085006257428	173.605142200754	220.410772495619	177.149888433456	182.427733531609	160.19940028076	169.887088248425	166.887849305463	147.19344488753	233.025038143339	149.209911872779	157.730167991646	165.224322443548	167.972006941738	158.697885837748	180.386270006926	203.947402857299	139.242056934975	199.753128391633
