sample1	sample2	sample3	sample4	sample5	sample6	sample7	sample8	sample9	sample10	sample11	sample12	sample13	sample14	sample15	sample16	sample17	sample18	sample19	sample20	sample21	sample22	sample23	sample24	sample25	sample26	sample27	sample28	sample29	sample30	sample31	sample32
ENSG00000066294	43.7702130096908	66.2959546406299	48.2814893613668	81.7943176521656	51.8895772612697	66.0320582869691	17.8221140089348	164.262320098387	85.0184731947368	131.841696853238	80.1293611602377	60.5949255953591	101.635200890252	63.1619367513702	77.2891629555886	87.6428893624699	61.5341849924444	73.1673002866071	60.7591538342935	55.4405238163085	65.2278307594128	54.2944869783551	74.7018655176995	124.257495321362	123.425831578063	80.0299597752531	73.9676928430706	50.6969078746022	159.137157313982	16.3652029980648	46.0567545656714	69.4689391804129
ENSG00000287722	1203.6808577665	1600.92453428484	1763.10680116164	1045.01396880976	1668.39404666443	856.286691334244	661.514937625758	600.282155065429	1097.51119942297	975.328916493839	988.002802655358	1506.90012335827	1356.74926902702	1918.07940281734	1083.65847227315	863.091932199975	973.778477505432	1604.73686979951	1266.91046440966	1681.69588909469	684.445457009729	1953.27727544082	569.157070611044	562.390860327321	749.811926836735	414.021658570643	965.689323228977	1914.19233975013	357.223968516003	1070.75185330195	697.315424389025	1843.92863256651
ENSG00000157978	477.09532180563	359.716939068603	303.007967716164	512.740498715068	236.385851968006	421.75314647806	211.768648812049	347.849619031878	179.054057182855	476.427949992382	422.429544757369	325.29907424877	312.971888455698	283.299863370116	345.385946957786	224.823064016771	336.130485521228	342.106566204947	207.730620541571	167.861585999378	239.466556760584	262.202644432056	493.269461196238	686.648355648683	330.164099471319	736.275629932329	733.512954027116	299.572637440831	267.083340946544	285.222109394844	521.168538506282	243.57010774367
ENSG00000237491	182.959490380508	249.22368133422	289.688936168201	186.784038817632	300.52713497152	222.591938418976	232.735841763737	175.132620693133	267.937006431898	242.708578298006	315.849714864626	200.92001644777	235.535544920267	360.39458028723	234.282775209128	167.664657910812	239.214144158128	248.175572593762	320.217162099655	175.561658751644	156.368087436949	262.202644432056	173.118608977526	206.856408396256	129.597123156967	166.462316332527	149.990043820671	255.020809308605	90.1406275694586	222.099183545165	192.307150642628	282.163962843899
ENSG00000182606	4018.10555428962	4030.54850157756	2871.91617752958	4591.46908492231	2689.60975470915	4026.89052230694	2992.01843420588	3102.86691421144	2854.55964544753	2364.91043730495	2505.01497996083	2511.50020559712	2918.38219699153	3565.86287041927	2833.13087959079	2443.52186102973	2510.59474769173	3416.12192554362	2622.49645063153	2445.54310611939	2269.57109765628	2996.79083004921	2793.61262158254	3079.86208056648	2898.44994489152	3528.7876930235	4614.76217015379	2709.98016638783	2336.97923328226	3742.95571427168	3401.73573195573	2843.08065905023
ENSG00000255692	69.1569365553115	54.0189260034762	33.2975788699081	53.7156712939595	67.0240372958067	68.1621246833229	61.8532192074797	71.2608594544473	46.3737126516746	35.9568264145194	41.2316130242	24.7163512296859	48.3977147096439	65.0196407734693	29.7885315557998	24.7686426459154	43.8431068071166	61.3023326725627	41.0534823204686	33.8803201099663	19.657702420645	58.2672543182348	49.8012436784663	28.7300567217022	62.7414643855155	57.6215710381823	35.9565173542704	56.8419876169782	46.7395846656452	94.6843887745178	62.2170193255561	47.1702673447248
ENSG00000138640	2882.70622881824	3298.8375948032	3825.89181215244	2885.9965213391	3656.77381977337	2660.45292904595	2327.35841763737	2294.84123666864	2738.62536381834	2391.12895656554	3269.74470831533	3119.84136650842	3926.66792010911	4146.39537732524	3106.86333172517	2894.12062916504	3486.68075713438	3156.08138533581	4004.35666553851	3508.15314593196	2560.86250625311	4098.57163897583	2549.34937877863	2516.75296882111	2229.89335717701	2796.78032761251	2541.61211241329	3510.3768028323	1661.48095013829	2469.9767096365	2773.10143279622	3847.37853288064
ENSG00000231711	29.7637448465897	34.3756801840303	91.5683418922474	41.507564181696	43.9620029574646	46.8614607197845	34.5958683702853	57.974936505313	39.9329192278309	74.9100550302488	54.4568473904528	46.2434958490898	35.4916574537389	39.9406364751311	55.5515858743293	47.6320050882989	44.6122841195222	63.2798272749035	42.6956216132873	53.9005092658555	39.3154048412899	21.1880924793581	49.8012436784663	66.0791304599151	51.4274298241931	42.6826452134684	81.1589963139246	56.8419876169782	44.5138901577573	35.0682921387103	14.5442382838962	37.7362138757798
ENSG00000177106	202.218384104771	160.829075146713	89.903462948752	268.578356469798	117.47223741093	209.811540040853	192.89817515553	170.301375984357	176.477739813317	183.529634824109	134.58620855069	113.216834665013	96.7954294192879	153.260581823178	126.399985250285	112.411532008385	129.990965796539	134.46963295917	104.27584509399	135.521280439865	122.413874164925	144.343880015627	148.217987138293	231.995208027745	129.597123156967	160.059919550506	317.444681784844	135.191754332273	176.942713377085	180.017232978713	197.155230070593	101.201664485046
ENSG00000137871	1454.92188044212	1556.72723119109	3514.5594497188	1479.62258200634	2632.67535743636	1620.98052762527	1558.91079595801	1465.07495793635	2851.98332807799	2353.67392905042	2522.90794410341	3123.82787477127	2879.66402522381	1761.10341294997	2666.47612196781	2595.94427731229	2288.30250440653	2065.4931121449	3336.00597336128	3019.96853343836	2511.7182502015	2363.79656722839	2426.03201347957	2577.80433935473	1270.25751665757	1446.94167273658	1477.29919872688	2640.8480192861	1227.47052110016	1675.09542115906	1579.66588027873	2276.17980968908
ENSG00000108963	657.428599405556	475.121008257848	324.651393981604	423.621316795544	381.244255155717	678.426147238698	488.535595774331	440.851079675818	413.498937810765	435.227419725745	404.536580614792	318.123359375635	395.248003462092	404.979476817609	330.08913345616	383.913961011689	374.589351141505	648.618229567761	309.543256696333	358.823390255552	394.941112269322	356.224804809208	365.209120308753	305.975104086129	510.160103855995	603.959429770577	453.052118663807	361.023434864591	657.692727080865	586.809421787752	643.178537443412	420.244199980275
ENSG00000185433	201.342979844578	241.857464151928	329.646030812091	219.745928020743	260.168574879422	233.242270400746	137.335113833557	142.521718908895	293.700180127273	197.762545279857	181.263506313936	267.096053611122	254.894630804125	311.165423701603	134.450939724826	180.04897923377	262.289463530294	230.378121172695	322.680371038883	311.082939191509	298.439664022519	272.796690671736	144.660755446974	287.300567217022	122.39728298158	136.584464683099	142.798740349817	172.062232786529	74.5607660142435	154.300485410325	125.242051889107	346.487054677615
ENSG00000124104	469.216683463885	440.745328073817	372.932883342971	577.443466410065	399.98215805562	465.419507603314	371.119315244878	402.201122005609	422.516048604147	447.213028530585	430.209094384577	428.948289082937	400.087774933057	486.71845378997	466.955359523348	461.077809254733	486.120061440311	358.915270324843	361.270644420123	383.4636230628	515.567922577825	394.628222428045	557.299631639981	474.045935908087	398.048306839254	458.838436044785	519.828508036024	402.502723125629	523.038209353649	464.070399302266	515.512445840322	375.646856308899
ENSG00000249290	83.1634047184125	73.6621718229221	59.9356419658346	51.2740498715068	43.9620029574646	53.251659908846	133.141675243219	53.1436917965369	77.2895210861244	67.4190495272239	58.3466222040566	59.0003222902181	70.9833149074778	76.165864906064	78.8993538504967	93.3587299730658	78.4560858653666	87.0097625029923	54.1905966630185	83.1607857244627	94.7143843903803	58.2672543182348	62.8444265466361	66.7973818779577	146.053900700708	147.255125986466	53.4211114977732	43.0155581966322	146.895837520599	81.826014990324	104.233707701256	72.899504078211
ENSG00000115252	8255.06217362769	12522.5692098968	18535.0972779344	9084.05250223529	13113.6492756398	8340.27497492346	10184.8139762825	6494.40069977225	15472.0739627573	6550.13521184495	10260.448003324	18435.2088107354	15321.1032199163	10411.5021918545	13112.5895526841	13165.4862064058	15166.6382460127	12373.183726846	12836.6028519641	17285.1233142846	14519.0003015027	14476.7641865214	12680.3452356552	8629.7907877813	7552.63234398099	11661.9657384499	5675.9930966384	11913.0052155637	6722.7102610753	5801.46446281397	8951.17065050014	15515.5873915167
ENSG00000153707	189840.167865631	172389.125311457	120227.568025577	217185.887959302	101310.075471191	210160.870929855	158292.871548416	214428.757343141	135427.987005792	113623.571469881	102060.689514298	110883.930029592	142478.032333721	142718.111497765	108563.900707389	234263.727425271	142910.067935702	210431.133118884	112013.605441752	123777.129478111	128768.673238363	135775.945119287	109547.321421964	97901.9777877086	242751.868450542	176966.515319561	201068.84504508	116909.373963736	373162.166886988	198769.417728353	161364.283693639	111332.122628244
ENSG00000259072	351.03710833772	665.41495213373	742.536008798951	747.136155270528	398.540780909474	475.004806386906	410.956981853086	475.877603814444	564.213503928708	898.920660362985	515.006185321139	573.2598881982	1047.0038948853	614.90003131481	1065.94637242916	517.283575258926	696.105467727027	634.775767351376	615.802234807029	729.966896914728	490.549028587913	444.94994206652	570.34281450815	576.755888688172	253.02295473503	484.448023172866	606.124149686273	593.000195139286	268.196188200488	464.070399302266	538.944829742155	340.483566106468
ENSG00000127603	24126.1414109416	25683.5439089255	21881.5039543601	30588.6331804875	20187.2076203531	26240.287936683	25624.006506258	22801.0594030687	27241.9798654893	27040.2825642689	19317.399679319	19335.3623764875	21533.7565314776	23122.8419630678	24336.425185641	20986.6614419045	20845.4743435029	22683.8405834506	20616.2377516929	19176.2611822409	19466.4865880078	21680.7156295032	22396.3307285446	28579.2239239133	19689.5057824906	18971.3687312563	29218.2660020801	22470.2522129657	21554.73846164	27824.351925924	24111.115021748	19868.9742468225
ENSG00000131844	729.211748741449	750.12644973009	1030.56006602366	555.46887360799	949.867539310464	959.594911557405	777.882858507626	823.727222846322	1058.8664388799	939.372090079319	898.537981942471	755.841966636847	817.921378592983	776.520281237433	972.555300524489	672.56391184678	816.866305774699	818.682765369064	1011.55780437635	900.908512015013	646.917116024862	990.543323409991	917.765776360308	881.294489938215	689.127559644187	794.964267100848	666.7365646549	864.151838771628	560.875015987742	799.557060762595	571.265359261925	819.905010573761
ENSG00000164056	84.9142132388002	121.542583507822	94.8980997792382	181.900795972727	90.8067602072219	106.503319817692	138.383473481141	142.521718908895	77.2895210861244	65.1717478763164	76.2395863466339	97.2708016136027	132.287086873027	123.537317469592	82.1197356403129	114.316812211917	117.68412879805	100.852224719377	81.2858949945278	103.180974880352	117.94621452387	97.9949277170312	79.4448411061249	98.4004442718301	157.367935262031	97.1030178606405	139.716753148022	93.7124660712344	117.961808918057	112.218534843873	73.5292046574754	125.215618769633
ENSG00000109118	766.854131929783	849.570381691035	627.659361697768	960.77802973514	486.464786824403	830.725894577998	744.335349784925	824.935034023516	532.00953680949	536.355994016581	515.006185321139	417.786065946949	521.082061707166	603.753807182215	616.703112749801	395.34564223288	497.657721126394	731.673002866071	422.029798254417	341.883230200569	359.199835140876	500.568684824835	547.81368046313	537.252060695831	672.670782100445	651.977405635729	787.961394592154	443.213876418871	515.248278576041	822.935922188402	744.988205430685	469.129749773899
ENSG00000279047	60.4028939533733	67.5236575043453	71.5897945703025	68.3653998286758	57.6550858458552	44.7313943234307	67.0950174454017	73.6764818088353	61.8316168688995	53.1861390714766	45.1213878378037	70.1625454262053	62.9170291225371	70.5927528397667	66.8229221386859	57.1584061059586	67.6876034916888	46.4711231550072	53.3695270166091	64.6806111190266	58.0795753337238	62.2400216581144	48.61549978136	79.7259074027237	63.7700129819994	71.4934307325595	59.5850859013624	74.5090918763093	57.8680572050845	58.4471535645172	63.0250325635504	48.8855497936239
ENSG00000119048	1006.71489922289	1018.99337688376	1220.35626558213	1197.61530771305	1223.72919707828	970.245243539174	1255.93485780611	1184.86276482733	1384.7705861264	889.182353209053	1118.69923639244	1340.26407797103	1113.14743832181	989.227391767783	860.647033328377	1484.21327855139	819.943015024322	944.2536726177	1075.60123679628	1261.27191682102	1296.51482783436	1324.25577995988	1025.66847099699	1208.09888514758	1159.17426823731	976.365509258089	1092.05079850256	1033.14153168697	1334.30385747878	1295.1889229897	888.814561793659	1390.23642483271
ENSG00000130812	94.5436601009321	92.0777147786526	68.2600366833117	97.6648568981082	64.8619715765871	76.6823902687383	91.207289339843	89.3780271123576	57.9671408145933	89.8920660362985	79.3514061975169	79.7301652570514	87.1158864773591	91.9563490939066	91.7808810097614	106.695691397789	88.4553909266388	83.0547732983108	69.7909199447966	81.6207711740097	102.756171744281	74.1583236777533	75.8876094148059	61.7696219516598	102.854859648386	80.0299597752531	73.9676928430706	75.2772268441063	135.76736498116	67.7986981348399	105.849734177245	61.750168160367
ENSG00000256209	60.4028939533733	89.6223090512219	83.2439471747703	35.4035106255642	95.8515802187343	54.3166931070229	50.3212630840513	45.8968247333728	46.3737126516746	54.6843401720816	129.918478774366	110.824929707301	91.9556579483235	134.683541602186	49.1108222946969	103.837771092492	56.1499438056055	126.559654549807	59.1170145414747	61.6005820181205	93.8208524621692	66.212788997994	72.3303777234868	57.4601134434044	34.9706522804513	80.0299597752531	49.3117952287137	83.7267114898733	90.1406275694586	38.5751213525813	75.9532443714581	99.4863820361468
ENSG00000176593	351.912512597914	300.787201610265	288.024057224705	245.382952956497	224.134146225762	336.550490623907	259.993192600932	251.224724856356	209.969865617305	251.697784901636	206.936020083721	239.190495771154	125.834058245074	238.714966839737	204.494243653328	204.817621879685	208.447051661905	228.400626570355	176.529973978015	180.181702403003	190.322300708972	251.608598192377	213.433901479141	266.471276093788	203.652622103805	304.113847145962	294.843442305017	186.656797174672	222.569450788787	343.669262959361	276.340527394029	182.677580807752
ENSG00000158480	576.891407467725	594.208186038238	451.182193687255	629.938326992798	485.74409825133	555.947329448352	702.400963881549	560.424386218026	403.193668332616	390.281386707596	374.196337068683	393.069714717264	429.126403758843	506.224346022011	502.379559211326	327.708195007496	436.12353613395	482.508682971139	477.862534210254	455.844306934092	270.740174247974	452.895476746279	489.712229504919	359.84396043932	884.551792976121	736.275629932329	463.325409336456	483.925029712112	499.668417020826	825.273808330982	596.313769639746	403.091375491284
ENSG00000183160	147.067915712561	89.6223090512219	66.5951577398163	122.081071122635	79.9964316111241	107.568353015869	16.7737543613504	196.873221882625	100.476377411962	81.6519599829711	105.023919967302	64.5814338582116	124.220801088086	68.7350488176675	130.425462487556	108.600971601321	70.7643127413111	56.3585961667109	87.8544521658028	89.3208439262748	89.3531928211135	64.8885332180342	94.8595117685073	168.789083240001	176.910358595224	132.316200161752	130.470791542638	87.5673863288583	150.234379282431	16.3652029980648	88.8814561793659	93.482893465
ENSG00000101199	1021.59677164618	1064.41838284122	785.822861329832	764.227505227697	848.971139080218	952.139679170167	1130.13170009599	928.806795262202	762.589941383094	1176.08786397491	1139.7040203859	863.477689733867	816.308121435995	769.089465149037	900.901805701079	1157.45772364566	903.014164764121	1159.80058427284	906.460889635946	937.868861225885	1308.1307429011	815.741560455287	1143.05711681051	782.175794248343	1153.00297665841	1139.62662719961	926.650818672912	937.892795680141	1286.45142555919	1019.31835816518	1123.94641404998	821.62029302266
ENSG00000087088	147.067915712561	146.096640782129	56.6058840788438	181.900795972727	74.9516115996118	122.478817790346	115.319561234284	149.768585972059	106.917170835805	83.1501610835761	90.2427756756075	75.7436569941989	79.0496006924184	81.7389769723614	79.7044492979507	90.5008096677678	68.4567808040944	98.8747301170367	61.5802234807029	64.6806111190266	110.797959098181	99.3191834969911	116.202901916421	101.273449944	174.853261402256	123.779671119058	195.192522780325	69.1321471017303	196.973963948076	134.428453198389	147.058409314951	70.3265804048624
ENSG00000103067	48.1472343106599	47.8804116848994	31.6326999264127	50.0532391602805	27.3861657767812	47.9264939179614	26.20899118961	25.3640347210744	32.2039671192185	27.716720361192	26.4504687325056	23.9190495771154	29.0386288257864	57.5888246850728	27.3732452134376	15.2422416282556	23.0753193721666	35.5949028421332	24.6320893922811	20.0201891558892	26.8059578463341	21.1880924793581	17.7861584565951	44.5315879186384	17.4853261402256	29.8778516494278	55.4757696323029	33.0298036152711	8.90277803155147	42.0819505664524	37.1686089477348	24.0139542845872
ENSG00000005302	318.647150710549	270.094630017381	337.970425529568	307.644299229041	340.165006490546	249.217768373399	349.103762645606	378.044898461729	337.49757540941	396.274191110016	349.301778261619	384.299396538988	429.126403758843	253.57659901653	319.622892639257	596.352703705502	393.818783951644	363.859006830695	399.860917801364	488.184612493605	518.248518362458	377.412897288566	387.738254353774	265.034773257703	525.588332803253	404.418063397613	412.986285040477	340.283790734072	645.451407287481	362.372352100006	427.439002898951	368.785726513303
ENSG00000166532	1158.15983623642	1252.25692098968	1245.32944973456	1385.62015724191	1212.91886848218	1620.98052762527	1349.23886644113	1399.85315436787	1410.53375982177	842.738119090299	1002.00599198433	1357.80471432759	1263.18035392171	1023.59491617662	1230.18584370978	1154.59980334036	959.164108569727	1240.87786296881	1258.69976794557	1359.83284805001	1200.90691151577	1383.84729005808	960.452556656137	1472.41540698724	856.780980871056	1111.88290781085	1277.9973596775	1036.98220652595	1282.00003654341	1104.65120236937	1015.67264015875	1102.06897341766
ENSG00000275232	108.550128264033	152.235155100706	119.871283931669	73.2486426735812	95.1308916456611	93.722921439569	131.04495594805	147.352963617671	118.510598998724	52.4370385211741	115.137334482672	79.7301652570514	93.5689151053116	149.545173778979	43.4751541625186	78.1164883448101	32.3054471210333	161.16581009077	80.4648253481184	49.2804656144964	57.1860434055126	103.291950836871	61.6586826495298	11.4920226886809	59.655818596064	76.828761384243	95.5416032556328	86.7992513610613	74.5607660142435	88.8396734180661	77.5692708474466	109.778076729541
ENSG00000206127	112.051745304808	139.958126463552	156.498620688568	115.977017566504	142.696337468492	136.324249366646	114.2712015867	140.106096554506	142.98561400933	185.027835924714	166.482362022241	129.960169368994	114.541258146157	132.825837580087	188.392334704247	147.659215773726	155.373817105922	96.8972355146959	183.919600795699	143.22135319213	130.455661518826	152.289414695386	151.775218829612	170.225586076086	88.4551792976121	87.4994226876101	154.09936008973	146.713778849228	97.9305583470661	135.59739626968	107.465760653233	140.653160809725
ENSG00000145604	836.886472745288	1081.60622293324	1167.08013939028	930.257761954481	1119.22935398266	904.213185252205	994.893305557597	979.534864704351	1074.32434309713	859.218331196953	879.089107874452	1112.23580533587	1203.48983911315	907.488414795421	1091.70942674769	1161.26828405273	939.165498447182	961.062376737596	1280.86864839862	1168.87104379384	1087.42835663295	1116.34762250618	942.666398199541	812.34235380613	921.57954244954	932.615797914283	807.480646870187	1223.63900370063	686.626755683407	735.265191841626	837.101714562028	1103.78425586656
ENSG00000101901	1438.28919949844	1464.64951641244	2199.30508435743	1348.99583590512	1889.6454385979	1646.54132438152	1545.28212053941	1428.84062262053	1708.09841600335	1556.63094352857	1845.30917157363	1974.91619341716	2016.57144623516	1436.00520908262	1584.42784058957	1674.74129890459	1609.11893755242	1942.88844679977	2216.8880453053	1872.65769335086	1367.99738209125	1921.49513672179	1619.72616344726	1462.35988713464	1489.33836770863	1398.92369687143	1348.88306531877	1835.07443806704	1306.48267613018	1628.33769830745	1339.68594859444	2024.03328970092
ENSG00000144580	838.637281265676	775.908209868113	995.597608210253	712.95345535619	878.519370576219	815.815429803521	738.045191899419	770.583531049786	994.458504641467	1013.53304455927	893.092297203426	841.153243461893	845.346750261781	766.302909115888	1085.26866316806	941.208420544785	895.322391640066	893.827560258012	902.355541403899	899.36849746456	777.372777543687	957.436928910994	826.46349628312	850.409678962386	749.811926836735	822.707986489602	735.567612161646	1017.77883233103	764.526063459482	931.647627818404	702.971517054985	861.929430571789
ENSG00000185624	1081.99966559956	739.077123956652	634.31887747175	865.554794259484	668.078307238847	843.506292956121	1004.32854238586	1305.64388254674	734.250450318182	933.379285676899	714.162655777652	631.462908835847	753.391092313458	588.892175005422	925.859764572155	852.612891080549	759.947184656688	624.888294339672	714.330592376153	800.807566235567	893.531928211135	713.773865398376	835.949447459971	1025.66302496477	1221.91573262283	1152.43142076365	1306.76257356091	756.612943280048	1309.82121789201	870.862588111306	883.1584691277	668.102513846193
ENSG00000236859	632.041875859935	705.929146636337	489.47440938765	839.917769323731	497.275115420501	693.336612013175	602.806797361031	679.997692760234	645.367501069139	503.395569803272	550.792113606294	478.380991542309	430.739660915831	632.548219524751	439.58211430991	455.361968644137	475.351579066633	518.103585813272	449.125096585926	398.86376856733	529.864433429203	480.704848125437	484.969253916494	532.224300769534	495.760423505221	436.430047307714	702.69308200917	547.680232039263	385.045149864601	631.229258496785	547.024962122098	548.890383647706
ENSG00000009335	2958.8663994551	3184.66122847767	3437.97501831801	2757.81139666033	2949.77832958857	2913.93083021205	2978.38975878729	2698.25016985144	3193.34537954171	2809.87616418463	3069.03232793337	2769.0286393774	2800.6144245314	2773.55210499399	3344.36648872411	2894.12062916504	2798.26706253141	3271.76481957274	2858.96450879743	2972.22808237432	2922.74293717862	3102.731292446	3049.73330335751	2804.77178745618	2374.91870928124	2902.41987451585	2898.0952987542	2874.36104949638	2755.40980076518	3131.59848798683	2929.0479877291	3125.24462189413
ENSG00000262119	22.7605107650392	47.8804116848994	89.903462948752	46.3908070266014	66.3033487227335	29.8209295489538	35.6442280178697	26.5718458982685	52.8145060755183	31.4622231127045	54.4568473904528	86.1085784776155	87.1158864773591	52.0157126187754	51.526108637059	78.1164883448101	44.6122841195222	50.4261123596887	85.3912432265746	60.0605674676675	50.0377879798236	82.1038583575126	45.058268090041	48.8410964268938	19.5424233331934	37.3473145617848	34.9291882870055	67.5958771661363	14.4670143012711	28.0546337109682	41.208675137706	58.3196032625688
ENSG00000260206	39.3931917087217	22.0986515468766	33.2975788699081	24.4162142245271	47.5654458228305	28.7558963507769	36.6925876654541	45.8968247333728	42.5092365973684	47.9424352193592	52.1229825022905	62.9868305530706	61.303771965549	26.0078563093877	48.3057268472429	81.927048751874	67.6876034916888	37.5723974444739	60.7591538342935	92.4008730271808	96.5014482468026	50.3217196384755	60.4729387524234	43.0950850825533	62.7414643855155	51.219174256162	41.0931626905948	55.3057176813842	79.0121550300193	36.2372352100006	43.6327148516887	60.0348857114679
ENSG00000253251	22.7605107650392	35.6033830477457	43.2868525308806	31.7410784918852	56.934397272782	35.1460955398384	41.9343859033761	38.6499576702087	64.407934238437	38.9532286157293	52.1229825022905	55.811115679936	41.9446860816914	48.3003045745772	51.526108637059	69.5427274289163	59.2266530552277	38.5611447456443	54.1905966630185	60.0605674676675	76.8437458261576	59.5915100981946	60.4729387524234	40.9403308284257	49.3703326312253	39.4814468224582	35.9565173542704	59.1463925203692	42.2881956498695	46.7577228516137	36.3605957097406	60.0348857114679
ENSG00000225539	728.336344481255	1344.33463576833	825.779955973722	730.044805313359	995.991607987149	484.590105170499	1244.40290168269	508.488505598683	1495.55223301651	593.28763583957	658.927853424479	1029.31643346853	1116.37395263579	1672.86247190026	622.338780881979	566.820860550756	566.114501930488	669.381922892338	991.852132862521	1644.73553988382	801.498139605388	1068.67441442762	482.597766122281	181.717608764767	430.961861926738	594.355834597547	667.763893722165	687.480796178318	249.277784883441	529.531211294526	336.133507005602	1032.60003423725
ENSG00000105792	532.24579019784	567.1987230365	929.002450470437	418.738073950639	957.074425041196	527.191433097576	464.42332387989	414.279233777549	863.066318795056	821.763303681829	756.950178727294	848.328958335027	784.042978296232	587.963322994372	650.51712154287	781.164883448101	687.644517290566	723.763024456708	1170.02424613335	887.048381060936	688.019584722574	863.414768533842	567.971326713938	1001.96072816936	388.7913694709	403.350997267276	311.280707381255	1232.08848834639	303.807300326694	725.913647271303	458.951519180726	850.780094653945
ENSG00000253392	106.799319743646	130.136503553829	111.546889214192	100.106478320561	74.2309230265386	89.4627886468613	77.5786139212458	95.4170829983277	87.5947905642743	107.870479243558	98.8002802655358	81.3247685621925	87.1158864773591	83.5966809944605	78.0942584030426	74.3059279377462	76.1485539281499	98.8747301170367	77.1805467624809	64.6806111190266	71.4825542568908	94.0221603771515	86.5593044887629	100.555198525958	88.4551792976121	99.2371501213139	86.295641650249	87.5673863288583	68.9965297445239	135.59739626968	98.5776150352967	83.1911987716055
ENSG00000205277	85.789617498994	176.789212375013	49.9463683048622	148.938906769615	90.8067602072219	113.95855220493	96.449087577765	114.742061833432	54.1026647602871	47.9424352193592	81.6852710856792	61.3922272479296	59.6905148085609	169.05106601102	24.9579588710755	86.6902492607039	46.1506387443333	64.2685745760738	50.906318077381	38.5003637613253	90.2467247493246	124.480043316229	64.0301704437424	108.455964124426	51.4274298241931	50.1521081258253	63.6944021704219	62.2189323915572	70.1093769984678	88.8396734180661	96.1535753213141	83.1911987716055
ENSG00000136404	751.972259506488	729.255501046929	1112.13913425493	775.214801628734	1198.50509702072	717.832375571244	1237.06438414959	921.559928199038	1055.0019628256	987.314525298678	1079.80148825641	1384.91297051498	1192.19703901423	541.520722441894	1221.32979378779	2036.74453757566	1088.38589705386	971.93859705047	1266.08939476325	1499.97417214124	1648.56640754954	925.654790191957	1172.70071423817	677.31108721413	1352.54140437628	1046.79187386031	750.977548170619	1014.70629245984	1733.81602164465	900.086164893564	984.160123876979	1088.34671382647
ENSG00000232959	100.671489922289	74.8898746866375	186.466441671486	79.3526962297129	159.992863222248	88.3977554486844	184.511297974855	132.859229491342	175.189581128549	187.275137575622	175.81782157489	189.757793311782	171.005258640742	102.173721215452	193.222907388971	286.744670631559	239.214144158128	115.683434236933	209.37275983439	260.262459026559	248.401876042696	158.910693595186	213.433901479141	113.483724050724	217.023753858095	157.925787289833	73.9676928430706	178.207312528905	267.083340946544	140.273168554841	146.250396076957	180.962298358853
ENSG00000164418	9965.6020980464	13416.3368946815	22365.9837269173	9937.39918938251	22229.6390364425	11899.6159232307	15245.2459951724	8426.89858328268	17348.9211664654	11876.2401244956	16660.6834816277	23855.2654449098	20228.6314914742	14743.6679713897	14701.0428705109	17656.2316461306	17766.4575619435	17656.0605569992	26511.5178129122	25699.7628179599	19279.7384150117	17237.8374877378	11274.0529736871	12966.5928499223	6882.01865907352	16714.5238655942	6341.70233222604	18412.1951780942	4895.41507009936	9677.67968721275	13851.7709389352	19308.0768860325
ENSG00000267448	49.0226385708537	72.4344689592068	53.276126191853	48.8324284490541	65.5826601496603	40.471261530723	80.723692863999	38.6499576702087	73.4250450318182	44.1969324678468	59.9025321294981	62.1895289005001	56.4640004945846	57.5888246850728	30.5936270032538	85.7376091589379	52.3040572435777	52.4036069620294	44.3377609061061	63.1405965685736	56.2925114773015	70.1855563378737	61.6586826495298	52.4323535171066	74.055498946838	67.2251662112127	36.9838464215353	49.9287729068052	43.4010429038134	63.1229258496785	50.0968207556426	84.9064812205046
ENSG00000115828	113.802553825196	61.3851431857684	133.190315479633	56.1572927164122	186.658340425956	79.877489863269	159.350666432829	113.534250656238	113.357964259649	125.099791900515	155.590992544151	218.460652804321	222.629487664362	130.039281546939	127.20508069774	331.51875541456	144.605334732244	131.503391055659	206.088481248752	246.402328072482	257.337195324807	127.128554876149	175.490096771739	140.777277936341	283.879412629546	183.535374417914	69.8583765740111	185.888662206875	460.718763132788	154.300485410325	134.130197507043	194.684557950046
ENSG00000237352	220.601873568842	209.937189695328	254.726478354797	269.799167181024	232.78240910264	243.892602382515	94.3523682825962	94.2092718211337	345.226527518022	265.181594807081	178.151686463053	220.055256109462	275.866973844971	601.896103160116	187.587239256793	149.564495977258	242.29085340775	181.929503415347	257.815868972543	237.162240769764	351.158047786976	243.663063512618	180.233072360164	427.359593735321	135.76841473587	147.255125986466	194.16519371306	265.006563889966	66.770835236636	180.017232978713	188.267084452657	307.035558352936
ENSG00000147853	1475.05617842658	1151.58528616502	1155.42598678581	1512.58447120945	1468.04262335009	1279.10487101048	1217.14555084549	2007.38217649646	1352.56661900718	1310.92596302935	1192.60495785092	1557.13012747021	1403.53372657967	1257.66562296111	1273.6609978723	1427.05487244543	1361.44384295783	1015.44347830197	1366.25989162519	1329.03255704095	1537.76844845136	1615.59205155105	1305.50403071408	2059.22681552801	1289.79993999076	1149.23022237264	1599.5513577314	1606.93835263133	1280.88718928947	1112.83380386841	1178.89131423359	1573.77164686491
ENSG00000011523	714.329876318154	844.659570236174	847.423382239162	670.225080463268	970.046819356514	759.368670300144	882.718823266066	751.258552214681	762.589941383094	984.318123097468	837.079539887531	885.802136005841	801.788807023101	750.512424928045	947.597341653414	1110.77835865913	929.935370698316	792.975335538634	920.419073624905	1119.59057817934	1056.15473914556	811.768793115407	899.979617903713	664.382561689364	997.692138589345	962.493649563711	693.447120403786	821.136280574996	675.498283143968	869.693645040015	722.363834766847	823.33557547156
ENSG00000235663	64.7799152543424	78.5729832777836	49.9463683048622	73.2486426735812	47.5654458228305	54.3166931070229	46.1278244937137	62.8061812140891	34.780284488756	24.7203181599821	31.8961534715509	39.0677809759552	38.7181717677152	32.5098203867346	41.0598678201564	40.010884274171	36.1513336830611	60.3135853713924	7.38962681768434	27.7202619081542	39.3154048412899	26.4851155991976	47.4297558842537	17.9562854510639	87.4266307011282	44.8167774741418	30.8198720179461	27.6528588406921	64.5451407287481	72.4744704200013	57.3689398975907	35.1632902024312
ENSG00000196581	3929.68972401004	4187.69446813312	2913.53815111696	3672.19861936887	3294.26746751755	3673.2995005122	3266.688661873	2456.68793441264	2384.38172550694	2121.45275845664	3036.3582194991	2990.678498792	3199.08894230746	4641.47349921466	2825.07992511625	2915.07871140389	3588.98133968432	4043.9764617868	2795.74214602391	2916.78755855801	3025.4991089229	3358.31265797826	2861.2000237176	2712.11735452869	3202.90032945074	3442.35533646622	2713.17606664652	2873.59291452859	2246.8386057128	3180.69409698102	4664.66042294072	3776.19431125133
ENSG00000164465	369.42059780179	399.003430707495	674.27597211564	336.943756298473	631.323190012114	403.647582109053	490.6323150695	393.746443765251	472.754237310128	519.875781909926	558.571663233501	735.909425322585	624.330519754407	366.896544364577	495.133700184239	742.106639275696	586.882289365438	498.328639789865	743.068030000481	685.306474951591	728.228521492075	560.16019492303	582.200253479214	426.641342317278	616.100609293833	537.801329689701	326.690643390228	586.85511539691	537.50522365492	465.239342373557	481.575889844564	638.942712214908
ENSG00000260774	35.8915746679465	41.7418973663225	19.9785473219449	28.0786463582061	29.5482314960008	37.2761619361922	35.6442280178697	54.351502973731	23.1868563258373	32.9604242133094	16.3370542171358	23.9190495771154	29.0386288257864	26.9367083204373	22.5426725287133	39.0582441724051	30.7670924962222	29.662419035111	19.7056715138249	23.1002182567952	28.5930217027563	35.7549060589168	32.0150852218712	20.1110397051916	60.6843671925478	37.3473145617848	26.7105557488866	19.9715091627221	65.6579879826921	30.3925198535489	32.3205295197694	34.3056489779817
ENSG00000160796	480.596938846405	454.250059574687	178.142046954009	555.46887360799	158.551486076102	397.257382919991	272.573508371945	380.460520816117	198.376437454386	258.439689854358	221.717164375415	129.960169368994	177.458287268694	333.457871966793	141.696798751912	150.517136079024	158.450526355544	357.926523023673	141.223979182412	95.4809021280868	175.132257929382	293.984783151094	194.46199912544	286.58231579898	212.909559472159	291.309053581921	628.7253891661	198.178821691627	215.892367265123	285.222109394844	454.911452990755	216.125588561284
ENSG00000285331	375.548427623147	440.745328073817	587.702267053879	465.12888097724	462.682063912988	485.655138368676	322.894771455996	409.447989068773	467.601602571053	426.987313672418	516.562095246581	500.705437814283	514.629033079214	497.864677922565	500.769368316418	341.04515643222	536.116586746672	406.375140781021	442.556539414651	385.003637613253	329.713281509909	443.62568628656	515.798595241258	536.533809277789	301.364738769771	325.455169752696	424.286904780391	444.750146354465	271.53472996232	419.650562593233	427.439002898951	446.831077938211
ENSG00000285269	304.640682547448	330.252070339434	596.026661771356	307.644299229041	252.96168914869	364.241353776507	284.105464495373	347.849619031878	591.264836308852	989.561826949586	497.891176141283	373.934475055571	422.67337513089	344.604096099387	943.571864416144	323.897634600432	433.816004196733	396.487667769317	348.133530077574	309.542924641056	257.337195324807	202.611134333862	554.928143845768	569.573374507746	267.422635085804	237.955747065086	424.286904780391	350.269545315433	192.5225749323	510.82812215388	427.439002898951	240.139542845872
ENSG00000171475	2230.53005497384	2518.01857348022	1976.21130592905	2260.94143719121	1834.87310704434	2211.00891941529	2235.10276864994	2101.5914483176	1508.43381986419	1478.72448629711	1842.97530668547	1692.6714084072	1527.75452766776	1801.0440494251	1668.15776712479	1558.51920648914	1666.80723598284	1976.50585503956	1685.65598407844	1635.4954525811	1407.31278693254	1765.23295468652	2085.72351501005	1356.77692868239	2316.29143928166	2018.88911859705	1782.41593170455	1690.6650641212	1959.72401419527	2403.34695457295	2045.08150536341	1917.68577786917
ENSG00000164032	599.651918232764	326.568961748288	622.664724867282	440.712666752713	676.005881542652	368.501486569214	595.46827982794	692.075804532174	608.010899210845	504.893770903877	663.595583200803	1044.46516486737	938.915665367093	187.628106232011	468.565550418256	1558.51920648914	567.652856555299	582.372160389346	827.638203580646	1228.9316112615	1530.62019302567	651.533843740261	835.949447459971	439.569867842044	1201.34476069315	855.78703653004	562.976328861148	695.930280824085	1649.23963034491	630.060315425495	932.447276645348	816.474445675963
ENSG00000078114	12137.4800675873	12798.8023542327	12997.7099118686	15092.8828228914	14465.6610387251	14087.1941122861	13025.8686212362	13191.7136773131	10535.8498827235	8504.53854758414	10063.6253977557	13636.2501639135	13512.6419469326	12458.6920242078	12582.0316528119	9362.54692015602	11559.9658281431	14157.8726054585	14684.0095563852	13689.1893389768	10490.0648371987	13235.936520699	9849.97455326238	13597.2175949636	9597.38695379091	10624.7774597626	12499.5127614117	12385.4082207589	9639.48291366235	9459.08733288146	10565.5811000126	12506.1243349232
ENSG00000100197	64.7799152543424	84.7114975963604	11.6541526044678	35.4035106255642	22.3413457652689	92.6578882413921	62.9015788550641	54.351502973731	36.0684431735247	45.6951335684517	55.2348023531735	23.1217479245449	19.3590858838576	49.2291565856267	21.7375770812593	32.3897634600432	19.9986101225444	42.5161339503258	18.8846018674155	12.3201164036241	18.7641704924338	17.2153251394785	20.1576462508078	43.8133365005959	27.7708121050643	75.7616952539063	74.9950219103354	27.6528588406921	21.1440978249347	70.1365842774206	62.2170193255561	31.732725304633
ENSG00000159899	367.669789281403	360.944641932318	258.056236241788	413.854831105734	272.420280621666	316.314859858545	249.509596125088	316.446528424834	225.427769834529	253.195986002241	290.955156057562	255.933830475135	309.745374141721	373.398508441924	280.978311161463	281.028830020963	316.901052711089	345.072808108458	285.732236950461	292.602764586073	287.717280883985	312.524364070532	305.921925453436	331.832155135661	347.649425611545	341.461161707747	355.455857273645	298.036367505237	211.440978249347	243.140158828391	384.614301285256	305.320275904037
ENSG00000114859	281.004767522215	259.045304243943	159.828378575559	352.814295544416	181.613520414444	322.705059047607	251.606315420257	229.484123666864	154.579042172249	208.999053534394	199.156470456513	181.784776786077	167.778744326766	235.928410806589	234.282775209128	194.338580760259	173.06489529125	322.33162018154	152.718954232143	147.841396843489	225.170045909206	178.774530294584	209.876669787822	219.784933921022	230.394885612385	249.69347449879	288.679467901428	190.497472013657	243.713548613721	265.350077182908	346.637679099527	165.524756318761
ENSG00000144847	2738.26452588626	3135.55311392905	5432.49999262551	2683.34194327552	3708.66339703464	3427.27683173333	3060.16181129887	2695.83454749706	3700.87990134059	3630.14126676585	3407.4427367169	3409.26186639152	4552.61169702051	3243.55122258507	6253.17634037559	2682.63452657299	4094.33083393477	4482.98026350644	4290.08890248897	4020.97799123282	2717.23059369006	4127.70526613495	3635.49078852804	3267.32570067558	2076.63961630092	2496.9347449879	2379.29411978544	3758.48439743073	2077.68582311332	2484.00402649198	3324.16646110829	3281.33532474395
ENSG00000255114	163.700596656244	171.878400920152	106.552252383706	192.888092373764	120.354991703223	142.714448555707	240.074359296828	221.029445426506	86.3066318795056	143.827305658078	115.137334482672	121.189851190718	141.966629814956	106.8179812707	154.578325911177	293.413151343921	183.064200352522	170.064535801303	140.402909536003	190.961804256174	263.591918822285	97.9949277170312	194.46199912544	163.761323313703	315.764419120545	262.49826806283	145.880727551611	129.046674589896	346.095495976563	198.720322119358	176.954899120738	123.500336320734
ENSG00000286147	67.4061280349238	93.305417642368	141.51471019711	56.1572927164122	170.803191818346	61.7719254942614	101.690885815687	72.4686706316413	193.223802715311	229.224768392561	161.036677283196	181.784776786077	133.900344030015	457.924041447434	97.4165491419398	165.75937770728	167.680654104411	90.9647517076737	188.846018674155	175.561658751644	295.759068237886	201.286878553902	104.345462945358	266.471276093788	74.055498946838	75.7616952539063	164.372650762379	170.525962850935	43.4010429038134	80.6570719190337	64.6410590395389	167.240038767661
ENSG00000248708	37.6423831883341	67.5236575043453	103.222494496715	62.261346272544	103.058465949466	74.5523238723844	45.0794648461293	36.2343353158206	51.5263473907496	61.426245124804	51.3450275395698	116.406041275295	116.154515303145	136.541245624286	54.7464904268752	71.4480076324483	95.3779867382888	81.0772786959701	103.454775447581	98.5609312289929	140.284512729148	75.4825794577132	61.6586826495298	73.9798960583832	29.827909298032	38.4143806921215	44.1751498923894	64.5233372949482	40.0625011419816	52.6024382080655	67.8731119915158	105.489870607294
ENSG00000135541	5816.18590472771	6736.40561320623	8489.21773288308	4044.54588629291	8274.22550745329	6513.74304005005	5905.40989484294	5024.49449712713	7614.30598566802	7681.27704280171	8984.60186446199	7730.63682332371	6582.08920051158	6028.24955171165	6258.00691306031	6232.17154575302	6528.00785038594	8758.32359376711	8818.28800243665	7307.36904189955	4930.50917986904	7271.48848775971	6055.59408252209	4002.81515275116	3731.57430804345	4815.66944620957	3283.34369897852	8542.42897687047	3473.19627955902	6258.5212036885	6009.19445096313	6870.56384906528
ENSG00000271670	26.2621278058145	34.3756801840303	49.9463683048622	19.5329713796216	25.9447886306348	31.9509959453076	20.967192951688	26.5718458982685	43.7973952821371	32.9604242133094	45.8993428005245	44.6488925439488	45.1712003956677	26.0078563093877	41.0598678201564	21.9107223406175	16.1527235605167	35.5949028421332	51.7273877237904	52.3604947154025	32.1671494156009	39.7276733987964	24.9006218392332	31.6030623938724	24.6851663156127	21.3413226067342	26.7105557488866	33.7979385830681	6.6770835236636	28.0546337109682	32.3205295197694	32.5903665290826
ENSG00000286619	127.809021988297	1540.76709396279	213.104504767412	1296.50097532239	178.730766122151	286.493930309592	162.495745375582	1118.43315008166	1531.62067619003	2952.2052687421	190.598965866585	184.973983396359	112.928000989169	1474.08814153565	2579.52581364277	132.416974145471	137.682738920594	3172.89008945571	154.361093524962	170.941615100285	132.242725375248	121.831531756309	192.090511331227	1394.84425383864	678.842073679348	1821.48188448476	89.3776288520436	1622.30105198727	110.171878140449	175.341460693551	117.161919509164	2454.56918437459
ENSG00000213676	487.600172927956	570.881831627647	259.721115185283	488.324284490541	280.347854925471	568.727727826475	423.537297624098	553.177519154862	359.396273050478	283.16000801434	294.066975908445	236.001289160872	301.679088356781	410.552588883906	285.003788398733	350.57155744988	294.594910651328	498.328639789865	244.678754629993	217.142051613875	308.268515232842	362.846083709007	320.150852218712	354.816200513022	499.874617891157	504.722279649263	559.894341659354	290.355017827267	478.524319195891	496.800805298396	488.848008986513	296.743863659541
ENSG00000171160	211.847830966903	281.143955790819	203.11523110644	188.004849528858	212.603129056591	208.746506842676	207.575210221712	196.873221882625	182.918533237161	203.755349682277	225.606939189019	190.555094964353	211.336687565445	264.722823149125	185.171952914431	255.307547273282	190.755973476578	187.86198722237	196.23564549184	209.44197886161	238.573024832373	213.205180573541	260.863657363395	185.308865854979	275.651023857675	230.486284152729	174.645941435028	193.570011884845	211.440978249347	259.505361826456	204.427349212542	230.705489376927
ENSG00000127995	762.477110628814	715.75076954606	1568.31596477267	559.13130574167	1486.05983767692	675.231047644168	1189.8882000083	856.338124630561	1395.07585560455	1200.05908158458	1418.21189703993	1781.17189184253	1587.44504247632	675.275412033031	1415.35779662422	2145.34550917698	1418.36296407584	931.399957702485	1861.36488841005	2025.11913384571	2235.61688438426	1240.82766582241	1497.59454204531	1200.19811954911	1348.42720999034	1067.06613033671	655.435944914986	1403.38258616512	1465.61983344416	811.246491475498	965.575819403112	1559.19174604927
ENSG00000185022	327.401193312487	56.474331730907	39.9570946438898	283.228085004514	52.6102658343429	119.283718195815	72.3368156833237	172.716998338745	266.648847747129	192.518841427739	156.368947506872	72.5544503839168	53.2374861806083	63.1619367513702	97.4165491419398	51.4425654953628	53.8424118683888	72.1785529854368	121.518307668587	107.801018531711	46.463660266979	143.019624235667	56.9157070611044	193.92788287149	113.140345613225	55.4874387775089	326.690643390228	128.278539622099	1118.41149021365	327.304059961296	105.849734177245	96.9134583627982
ENSG00000162604	758.975493588038	802.917672869851	867.401929561107	754.461019537886	903.74347063378	811.555297010813	806.188568992405	841.844390504233	960.96637883748	743.107745900068	823.076350558558	947.194363253771	813.081607122018	645.552147679445	867.892892355463	824.03368802757	728.41091484806	873.063866933434	882.649869890074	828.527828143721	838.132948662044	864.739024313802	813.42031341495	866.929461577364	755.983218415638	764.019349321083	764.332826045062	819.600010639402	764.526063459482	782.02291469324	809.629264470224	967.419301179083
ENSG00000128656	9066.56192282735	8117.57133488602	12400.0183711538	6847.52727926861	12056.3991389414	8331.75470933805	13557.3869625615	9519.96769864327	9616.10458179864	9356.26587327807	10466.606068445	13425.7625276349	13498.1226325197	7203.24734568935	9980.76826208783	17797.222381192	14369.0013730482	13412.357140376	13041.8702635665	16428.8752242327	15812.8345335525	12547.3235151199	12632.915479771	4502.71813970878	20255.2075105567	14771.3964422511	4417.51498923894	11546.6048359245	26866.3584047144	14975.3296863006	14988.6455647931	12984.6881381661
ENSG00000237017	87.5404260193816	63.8405489131992	46.6166104178714	91.5608033419764	63.4205944304407	74.5523238723844	104.83596475844	101.456138884298	59.255299499362	80.9028594326686	55.2348023531735	59.0003222902181	61.303771965549	63.1619367513702	68.433113033594	64.7795269200864	67.6876034916888	67.2348164795849	55.8327359558373	61.6005820181205	82.2049373954244	58.2672543182348	62.8444265466361	60.3331191155747	101.826311051902	113.109009815691	99.6509195246923	50.6969078746022	133.541670473272	84.1639011329047	92.1135091313429	59.1772444870184
ENSG00000144591	83.1634047184125	76.1175775503529	46.6166104178714	96.4440461868818	46.8447572497574	68.1621246833229	78.6269735688302	79.7155376948054	51.5263473907496	54.6843401720816	63.0143519803811	52.6219090696539	48.3977147096439	74.3081608839649	65.2127312437779	87.6428893624699	63.8417169296611	71.1898056842664	47.6220394917436	66.2206256694796	87.5661289646912	68.8613005579138	66.4016582379551	83.3171644929364	93.5979222800314	80.0299597752531	118.14284273546	52.2331778101962	94.5920165852343	67.7986981348399	79.9933105614293	41.166778773578
ENSG00000270099	386.053278745473	465.299385348125	546.080293466493	465.12888097724	403.585600920986	405.777648505407	357.490639826281	410.655800245967	449.56738098429	429.234615323325	461.327292893407	515.056867560552	545.280919061989	441.204705248542	475.811409445342	481.083251391818	433.816004196733	358.915270324843	499.210345016898	454.304292383639	483.400773162224	496.595917484955	460.068632077261	444.597627768342	377.477334909577	330.79050040438	568.112974197473	470.866735259563	368.352441055442	335.486661460329	414.510791091043	479.421444467294
ENSG00000198380	1309.60477324995	1219.10894366936	1520.03447541131	1350.21664661635	1602.0906979417	1171.53651799461	1689.95575190606	1420.38594438017	1295.88763687735	1142.37833921129	1451.66396043693	1959.76746201832	1572.92572806343	1057.0335885744	1114.2520992764	1894.80116241253	1309.13978571425	1391.16745274671	1663.48710362539	1794.11695127776	1906.79713480256	1581.1614012721	1394.43482299706	1356.05867726434	2036.52622103805	1648.61717137022	1381.75759547125	1455.61576397532	1929.67713833878	1365.32550726712	1631.37872751036	1794.18544154844
ENSG00000109452	5423.12939190069	6026.79335797875	9168.4883418292	5087.11823368021	9183.73448667166	6058.9738644285	5351.87600091837	4535.33097036355	7203.38336522679	4708.09695865113	8383.24267827885	8096.59828185357	8271.16944387815	7374.15611572247	5439.22484299955	5392.8956160972	7003.35942945258	7667.73532057619	10232.1699335536	7051.72662652435	5129.76679986013	7258.24592996011	5453.23618279207	4453.15879186384	3262.55614804681	3885.18778055596	4567.50503305961	8344.25015517884	2385.94451245579	4688.63065894557	5273.09439115038	8169.03266288188
ENSG00000116120	1152.90741067526	1297.68192694714	1952.90300072011	882.646144216653	1761.36287259088	1483.59124506045	2175.34626873763	1225.92834485193	1870.40641028421	1807.5796278799	1660.93384540881	1581.04917704733	1477.74355580113	1204.72105833128	2247.8264892917	1737.61554562114	1766.80028659556	2223.69268033215	1981.24105678581	1904.99799891038	1398.37746765043	1575.86437815226	1598.38277329935	1175.77757133566	1397.79754262157	1549.3800212489	867.065732771549	1580.05362875843	1647.01393583702	1578.07314624196	1388.1667428741	1521.45553217349
ENSG00000129028	60.4028939533733	45.4250059574687	103.222494496715	36.6243213367906	80.7171201841973	61.7719254942614	56.6114209695577	79.7155376948054	69.560568977512	102.626775391441	77.7954962720754	87.7031817827566	77.4363435354303	56.6599726740232	98.2216445893938	118.127372618981	85.3786816770166	58.3360907690516	95.2440789834871	89.3208439262748	75.0566819697353	63.5642774380743	73.5161216205932	48.8410964268938	133.711317542902	67.2251662112127	36.9838464215353	89.1036562644523	96.8177110931222	70.1365842774206	88.8814561793659	69.4689391804129
ENSG00000151655	255.618043976594	203.798675376751	124.865920762156	251.487006512629	134.768763164687	228.982137608038	100.642526168103	181.171676579103	186.783009291467	198.511645830159	129.140523811645	119.595247885577	87.1158864773591	300.019199569008	102.247121826664	102.885130990726	107.684823736778	191.816976427051	111.665471911675	97.0209166785398	88.4596608929024	189.368576534263	123.31736529906	83.3171644929364	83.3124363151928	173.931779244884	316.41735271758	193.570011884845	58.9809044590285	157.807314624196	213.315494830478	191.253993052248
ENSG00000118156	59.5274896931795	84.7114975963604	46.6166104178714	52.4948605827332	69.9067915880994	93.722921439569	63.9499385026485	38.6499576702087	63.1197755536682	55.4334407223841	82.4632260483999	45.4461941965193	50.0109718666321	120.750761436443	45.8904405048807	32.3897634600432	39.2280429326833	66.2460691784146	45.9799001989248	32.3403055595133	73.2696181133131	70.1855563378737	58.1014509582107	67.5156332960002	45.2561382452899	61.8898355595291	61.6397440358921	55.3057176813842	58.9809044590285	90.0086164893564	39.5926486617175	63.4654506092661
ENSG00000269444	71.7831493358929	76.1175775503529	33.2975788699081	61.0405355613176	53.3309544074161	72.4222574760306	111.126122643947	93.0014606439396	57.9671408145933	72.6627533793413	46.6772977632452	44.6488925439488	48.3977147096439	63.1619367513702	63.6025403488698	81.927048751874	51.5348799311722	62.2910799737331	46.8009698453342	50.8204801649494	69.6954904004685	60.9157658781545	71.1446338263805	43.8133365005959	146.053900700708	112.041943685354	62.667073103157	55.3057176813842	111.284725394393	87.6707303467757	75.9532443714581	49.7431910180734
ENSG00000223732	547.127662621135	648.227112041715	767.509192951382	528.611037961011	755.281624580703	603.873823366314	681.433770929861	654.633658039159	860.490001425518	824.759705883039	659.705808387199	732.720218712303	703.380120446825	689.208192198775	789.798633952421	865.949852505273	770.715667030366	666.415680988827	816.964298177325	850.088031850063	853.322991441634	738.934725217614	699.588899292741	580.347145778385	701.470142801993	629.569016898658	500.309255757991	781.961397217349	687.739602937351	681.49381056227	509.048339936368	723.849193435413
ENSG00000232023	115.553362345584	160.829075146713	199.785473219449	73.2486426735812	229.899654810348	144.844514952061	268.380069781607	117.15768418782	391.600240169697	304.13482342281	234.942398741668	214.474144541468	191.977601681588	525.730238254052	225.426725287133	201.959701574387	200.75527853785	173.030777704814	224.152013469758	252.562386274294	264.485450750496	166.856228274945	126.874596990379	309.566361176341	54.5130756136447	94.9688855999671	71.9130347085408	193.570011884845	51.1909736814209	120.401136342905	113.929866557187	213.552664887936
ENSG00000232451	185.585703161089	238.174355560782	168.152773293036	133.068367523672	204.675554752786	179.9906104919	196.043254098283	118.365495365014	325.904147246491	184.278735374412	182.819416239377	171.419855302661	251.668116490149	402.19292078446	163.434375833172	181.001619335536	258.443576968266	233.344363076207	182.27746150288	235.622226219311	243.93421640164	246.311575072538	122.131621401953	314.594121102639	116.225991402676	176.065911505557	165.399979829644	188.961202078063	86.8020858076268	102.86699027355	117.161919509164	243.57010774367
ENSG00000221869	360.666555199852	22.0986515468766	83.2439471747703	130.62674610122	126.841188860881	164.015112519246	133.141675243219	169.093564807163	396.752874908772	339.342549287027	118.249154333555	85.311276825045	167.778744326766	115.177649370146	191.612716494063	80.9744086501081	129.221788484133	47.4598704561776	175.708904331605	152.461440494848	105.436767528914	287.363504251294	97.23099956272	548.744083384512	125.482928771031	166.462316332527	763.305496977798	189.72933704586	461.831610386732	251.322760327424	95.3455620833198	207.549176316789
ENSG00000114268	354.538725378495	310.608824519988	243.072325750329	434.608613196582	211.882440483518	292.884129498653	189.753096212777	242.770046615998	255.05541958421	237.464874445889	317.405624790068	234.406685855731	216.17645903641	355.750320231982	214.155389022777	207.675542184983	270.750413966755	244.220583389081	197.056715138249	152.461440494848	254.656599540173	256.905621312217	273.906840231565	337.578166480001	206.738267893256	256.09587128081	334.909275928347	238.121840017071	204.763894725684	252.491703398714	346.637679099527	248.715955090367
ENSG00000183036	192.58893724264	186.610835284736	209.774746880421	115.977017566504	211.882440483518	261.998166751522	164.592464670751	157.015453035223	106.917170835805	165.55122161685	220.161254449973	223.244462719744	206.496916094481	237.786114828688	167.459853070442	270.549788901537	230.753193721666	335.185335096754	203.625272309524	147.841396843489	181.38698142686	238.366040392779	177.861584565951	458.24440471115	206.738267893256	152.590456638149	113.006197399136	122.90159484752	751.171896412155	301.587312392909	294.116818629902	198.972764072294
ENSG00000152558	1186.17277256262	1130.71433748185	1460.09883344547	1435.67339640219	1359.21864881604	1105.50445970764	1626.00581340341	2455.48012323545	1369.31268190917	1522.17231821465	1320.96752669984	1518.85964814683	1372.8818405969	969.721499535742	1949.9411737337	1085.05707591145	1202.22413928988	1041.1509081324	1307.14287708372	1637.03546713155	934.634396908847	1174.61487682441	1438.30734718999	2236.63491578452	2128.06704612511	1321.02786935685	2498.46429158816	1462.52897868549	1536.84205769657	647.59446149485	829.82959542008	1008.58607995266
ENSG00000066735	130.435234768879	85.9392004600758	53.276126191853	129.405935389993	83.59987447649	121.413784592169	69.1917367405705	55.559314150925	74.7132037165869	56.931641822989	112.025514631789	96.4734999610322	54.8507433375965	126.32387350274	57.1617767692374	75.2585680395122	48.45817068155	63.2798272749035	45.9799001989248	41.5803928622314	135.816853088093	67.5370447779539	78.2590972090185	155.142306297192	56.5701728066124	107.773679164008	240.395001739979	60.6826624559632	112.397572648337	70.1365842774206	109.889800367216	77.1877102004587
