"BM_22_135"	"BM_22_172"	"hB_RNA_9191"	"BM_22_167"	"hB_RNA_9186"	"BM_22_72"	"BM_22_2"	"BM_22_6"	"hB_RNA_9211"	"BM_22_134"	"BM_22_123"	"hB_RNA_9152"	"BM_22_63"	"hB_RNA_9210"	"hB_RNA_9223"	"hB_RNA_9160"	"BM_22_163"	"BM_22_211"	"hB_RNA_9205"	"hB_RNA_9171"	"BM_22_64"	"hB_RNA_9218"	"BM_22_160"	"BM_22_18"	"hB_RNA_9179"	"hB_RNA_9224"	"hB_RNA_9222"	"BM_22_41"	"BM_22_37"	"hB_RNA_9177"	"hB_RNA_9148"	"BM_22_92"
"ENSG00000258539"	2829.14480978824	2259.75263792382	3589.28184418358	3760.96862033766	3679.44237941423	1965.7696591138	2517.90471296703	2484.81454960043	3260.17668403821	4127.06087860025	3365.47595543352	3984.19276882619	2175.02117248659	2438.58035076251	2183.77626114366	5752.0736621534	2767.59741698708	3808.9657064339	3107.25113188736	3264.7789198297	2656.59000087812	3067.7385496102	2299.83332519621	3091.17571753254	2926.11148408109	2651.63032498455	4416.00361839529	3293.25319598627	3357.3327333982	4025.12322937083	3697.43874472727	3396.31600532229
"ENSG00000245105"	112.602778499034	105.623086420968	108.898114204599	118.469223831682	156.392151681018	181.615322663396	150.215906171328	133.785156314665	145.286398520335	107.91032391012	94.9236807942787	105.353453303061	192.970259758131	116.410841294924	183.424977604227	118.495930889333	149.078441345945	87.899208610013	131.6233459801	126.807072718416	130.12199274152	184.21168232247	117.076591868426	104.613014699364	140.493781100957	102.423488947901	270.848221928245	159.792784463289	92.1620750344604	111.47118711752	124.762565433413	168.394967725927
"ENSG00000268870"	297.341711974013	281.015551028263	252.643624954669	273.852771031206	166.959188956763	187.669166752176	244.994989827047	274.096417815412	144.033929567574	247.379327454332	216.694463227343	233.609831237222	284.323201877671	193.514125788965	224.1860837385	224.941428128904	172.755605559713	180.13911887978	188.033351400143	235.498849334201	208.518472840449	225.966330315563	334.389991843381	249.034521717956	198.106338818616	173.234789948919	317.952260524461	254.907537120009	279.412005263205	191.527766956467	177.132037343735	292.586256423798
"ENSG00000157077"	3697.41779712064	2737.47907467187	2981.63036692192	3004.65422761511	2620.62524438463	4138.23485211595	3276.13738221278	2977.53549114956	2571.31876001938	3641.46442100471	3879.40618680456	3116.62998380012	2460.37081191617	2710.70959015324	2451.7805339765	3440.39880700725	3420.91176288548	4137.77385716024	2906.99561264621	2872.28083760603	3647.45685243777	2312.47065208807	3548.38300697113	3807.72857927863	2745.18783791511	3000.62887991814	2286.90107384631	3209.55221364835	3825.45755897006	3076.60476444356	2944.24251637	2119.6716562501
"ENSG00000243232"	95.0085943585602	56.2031102056526	80.5846045114032	57.5176666429179	72.912557202637	127.130725864377	98.3556528502745	84.839367419056	93.9351714571132	83.4777977417909	90.1295555016384	79.7021777162287	71.8506286333466	93.73340467903	76.4270740017614	62.2605738571073	92.9547928392364	86.8140331950746	97.7773427280743	79.5060217837688	90.5196471245359	63.8600498717896	109.057647219904	95.3552257879161	100.063916035934	112.539389090904	47.1040385962164	89.0274084866898	83.384734554988	90.1903241223575	83.9451829150744	57.8857701557874
"ENSG00000090376"	387.072051090431	574.628350895724	228.686039829658	630.977387799174	507.217789235735	223.992231284855	489.095837355456	270.017602074111	283.057983324101	704.471171186821	261.759240978162	353.621156304187	381.834769308642	524.604700381023	270.042328139557	513.147632919062	206.955953868489	642.423845643552	483.245713098367	296.889575015339	332.982987636686	508.424243210017	512.410563040577	391.604470954257	347.696839559204	345.205092379963	984.474406660924	369.806158329327	326.955932860348	368.868291916159	380.448810642631	859.866803950514
"ENSG00000288558"	1111.07272847094	681.220456458168	723.083478318536	838.727765822847	799.924721773858	2022.8487605223	1636.28040650911	1261.1698272102	905.535052846572	1002.75159482517	1315.50798030051	752.132044885331	788.304039863002	1080.9578120243	869.230588313366	779.261376017988	1189.99673474381	1105.79374782226	1000.33742944876	731.65668147848	1396.58884134998	731.934417761281	1488.31612676575	1414.59014566928	959.198548667687	1043.20220224714	625.306112364773	1039.41401703263	1126.42536153229	861.368264089931	803.255282389198	615.69410074792
"ENSG00000176749"	1608.10843043933	912.816031271116	1563.77691997804	1091.97719357898	1556.52459071716	2655.04305036488	2711.93359177166	2273.53189420105	2137.9645023639	1346.84300502914	1750.81455687225	1944.00024268779	1259.43887618737	2712.22141926097	1814.88825062849	1806.56084466026	1869.61904087974	1771.00627717952	2749.04759747009	1944.37511501571	2341.38765821233	1232.9901936784	2017.56647356822	2548.66928732168	2146.82583495276	3027.18311779352	664.166944206652	1648.9093520569	2161.42009307008	2499.99471471748	2207.2192131615	608.326820909911
"ENSG00000283375"	112.602778499034	61.0482059130364	54.4490571022994	59.2346119158408	84.5362982059559	120.212046905772	126.074064108079	117.469893349462	117.732081559582	133.360872002129	122.729607491593	42.1413813212244	167.309320960507	96.7570628944826	117.188180136034	40.1681121658757	62.2621725621301	404.770429772035	57.3501721770436	56.3586989859627	90.5196471245359	112.983165157782	183.633832451161	90.726331332192	75.8059969969194	93.5720763227738	77.7216636837571	82.9400643166597	65.8300535960431	46.6152237036904	57.7604469599136	88.4073580561116
"ENSG00000105321"	97.6477219796313	159.888158343667	267.889360943313	148.515766107833	251.495487162719	84.7538172429181	125.17992180944	131.337866869885	199.14256348908	207.676472430797	113.141356906312	260.177223809298	105.72306784621	193.514125788965	327.107876727539	461.93328990757	119.262753076756	168.202189315457	173.930850045132	297.895980354374	130.12199274152	261.580588897907	98.6330191768247	126.83170808684	257.740389789526	260.484428682316	276.736226752772	119.46412933684	149.214788151031	248.276734943568	242.593877231637	205.231366915973
"ENSG00000204642"	127.557835018437	187.989713446493	193.838643284186	151.091184017217	151.108633043146	151.346102219497	234.265282243381	234.124023550664	111.469736795774	208.694494354477	157.247309598603	139.249781757089	187.838071998606	253.987290098017	189.539143524368	354.483589863853	128.032073155929	138.902453112119	133.503679494101	135.864720769732	130.12199274152	158.422046797324	145.944792603106	120.351255848826	127.354074954825	144.151577037787	315.59705859465	143.81350601696	130.92866215213	96.270570692404	154.02785855977	132.611037084167
"ENSG00000114126"	3744.04238509289	3168.69259262903	2920.64742296734	4012.50110282087	2988.35814158054	2719.90566560181	2563.50597019761	2859.24983465184	2418.51754778248	2763.92952279222	2538.96875498232	3045.17285895108	2926.37346048101	2787.81287464728	2307.07860719984	4603.26565420935	3543.68224399391	2657.59459118422	2885.37177723519	3026.26085447839	4127.53426665183	2725.10482049041	2512.33535838205	4757.57772159321	2492.50118125871	2588.40594909078	2949.89041708805	4047.32295504874	4565.67993940557	4251.10572689089	3842.22493177345	2704.8441690977
"ENSG00000171608"	353.64310122353	566.87619776391	503.109287625247	438.679517231806	600.207717262287	495.550380410123	459.589141500374	513.930783403897	622.47706952247	391.938440616945	330.794645192183	770.454384590211	409.548583210075	514.021896626939	599.188260173809	602.521682488135	359.542123246103	375.470693568697	554.698386630421	708.509358680674	494.625214644785	537.898112381613	391.32449884789	495.291706762477	702.468905504786	599.367083472903	394.496323243313	426.875009923359	547.85233492707	559.382684444285	787.082357240422	477.820720922318
"ENSG00000285555"	55.4216800424935	50.388995356792	67.5168308068513	71.2532288263012	50.7217789235735	48.4307527102389	31.2949804523601	52.2088414886499	35.0691306773223	79.4057100470694	69.0354042140209	87.0311135981808	51.3218775952475	31.7484112622521	18.3424977604227	88.3698467649265	70.154560633386	81.3881561203824	53.5895051490407	41.262618900437	71.1225798835639	36.842336464494	50.5193512856907	59.2498490332682	56.6018110910331	45.5215506435116	23.5520192981082	44.8941632539718	78.9960643152518	107.417689404156	60.0708648383101	27.3641822554631
"ENSG00000101126"	2482.5393822209	1950.63553179274	2319.52983255796	2596.87972529592	2282.48005156081	2820.22651050159	2297.94570750187	2092.4324752873	2362.15644490821	2363.84690678584	2757.58086832672	2351.67230112137	2821.67683018671	2367.52438269937	2331.5352708804	2539.62889168749	2719.36615655162	2538.22529554099	2520.58707551891	2221.13658325035	2511.11199657083	2359.13761160977	2736.86580854067	2831.03184912085	2136.7183686865	2254.5812443717	2812.11110419412	2601.5787146666	2682.20896151878	2339.88155503959	2331.98177859491	2616.43681104159
"ENSG00000188092"	1089.07999829535	795.564715152427	831.981592523135	940.027536925299	778.790647222369	878.672227742906	881.624306457915	948.732541426559	680.0906413495	1436.42893431301	960.742708645124	753.048161870575	764.695976169188	743.819921001335	549.255905159325	1731.24563434924	1060.21079757205	901.780769813837	675.979898283513	647.118632999536	1070.87975392866	593.161617078354	1011.18892017867	1110.00889048263	701.458158878161	681.558772134799	679.475756750422	1028.00024671383	1122.76813633251	804.61929610283	837.911550565146	821.977936212181
"ENSG00000119616"	270.070726556278	296.519857291891	263.533436375129	242.947756118593	340.258600278972	349.393287409581	244.994989827047	318.96339096972	365.720934206361	293.190314019949	261.759240978162	222.616427414294	350.015205199588	282.712043144816	383.154397662164	343.437359018237	277.987446509792	323.382273651653	254.785191147194	267.703820183323	289.339586344499	401.581467462985	279.059273768577	254.589195064824	270.880095935659	281.980716486197	498.125208154989	263.277635353801	226.747962386371	232.062744090111	274.16958823639	271.536885458057
"ENSG00000231574"	73.0158641829676	294.581819008938	39.2033211136556	72.9701740992242	25.3608894617868	48.4307527102389	90.3083721625248	85.6551305673162	11.2722205748536	238.217130141208	48.9000779849315	37.5607963950043	54.4011902509624	22.6774366158944	7.13319357349773	17.0714476704972	48.2312604354529	66.1957003112444	28.2050027100214	43.2754295785071	48.49266810243	12.280778821498	105.850069360495	37.0311556457926	33.3546386786445	48.0505256792622	11.7760096490541	70.0044579553458	62.172828396263	46.6152237036904	15.402785855977	176.814716112223
"ENSG00000134007"	280.627237040562	135.662679806748	167.703095875082	188.863980021521	160.618966591316	304.421874178645	266.45440499438	261.859970591509	136.519115851005	181.207902415107	189.847361588557	125.508026978429	193.996697310036	131.529132372187	96.8076270688977	185.777518767175	273.602786470205	246.334819191024	172.990683288131	146.935179499117	258.62756321296	105.614697864883	303.116107714144	286.065677363748	157.676473753592	177.028252502545	90.6752742977166	235.884586588665	267.708884623909	176.327150531351	169.430644415747	138.92584837389
"ENSG00000172785"	738.955733899913	623.079307969562	609.829439545754	682.485745986861	628.738717906797	839.75465860075	731.408400286587	803.526701036252	517.269677490504	702.43512733946	598.306836521514	567.992530851285	606.624593175826	539.722991458286	491.171328917986	779.261376017988	817.300631378947	632.657266909106	579.14272231244	551.510125791207	900.347204435116	547.722735438811	875.668755618639	908.189092213065	504.36256668617	539.936170132762	475.750789821786	685.587137149637	820.681334830671	659.706752850053	616.881573531877	833.555090243338
"ENSG00000070785"	705.526784033012	1144.41160608406	958.30340500047	930.584337924223	998.585022557854	792.188740760337	613.381616866258	931.601515313096	824.124570917074	876.516876288805	884.995529021406	1064.52793685354	741.087912475375	843.60064211127	751.023380523975	983.114545259807	963.74827670114	686.916037656027	847.090248057643	1001.37331233987	816.293246390904	983.69038360199	634.298521698117	896.153966628182	817.694020940104	653.740046741541	859.64870438095	872.012052356807	1023.29161089849	849.207770949838	937.259519336198	979.848218455237
"ENSG00000181026"	159.227366471291	159.888158343667	111.076076488691	180.279253656907	195.490189601273	119.347212035946	186.875740415522	138.679735204226	226.696880449833	229.054932828085	171.629685476524	172.229993225874	156.018507889553	134.55279058764	269.0233004862	169.710273900825	104.354908942162	143.243154771873	182.392350858139	132.845504752626	130.12199274152	142.457034329377	149.954264927368	143.495728127446	189.009619178986	153.002989662914	187.23855341996	127.834227570631	201.14738598791	204.701634524901	217.179280569275	210.493709657409
"ENSG00000163746"	57.1810984565409	330.435527243578	39.2033211136556	99.5828258295294	36.9846304651057	53.6197619291931	129.650633302635	82.3920779742756	17.5345653386611	97.7301046733162	54.6530283360999	34.8124454392723	82.1150041523961	37.7957276931573	23.4376360272068	91.3824551773671	62.2621725621301	41.2366657676604	31.0255029810236	19.1217014416659	80.0129023690094	14.7369345857976	78.5856575555189	57.3982912509786	37.3976251851469	20.2318002860052	22.3744183332028	28.9148848076428	119.225541512834	32.427981706915	71.6229542302929	217.860989495418
"ENSG00000227954"	257.754797657946	1114.37201269828	117.609963340967	234.363029753979	77.1393721129348	159.994450917754	162.733898352272	194.151629285917	117.732081559582	230.072954751765	148.61788407185	62.2959549965926	668.210846290123	81.6387718172197	108.016931255823	69.2899934861355	243.787098201016	125.880348132858	77.0936740740585	71.4547790714885	127.697359336399	103.158542100583	144.341003673402	150.901959256605	61.6555442241611	88.5141262512725	105.984086841487	200.121439589739	141.900337751471	50.6687214170548	60.0708648383101	1086.14754183223
"ENSG00000074211"	7836.44961616717	6689.13913361413	12031.0636573241	10184.9193589788	10391.6244569671	5780.55626991495	5625.04920073706	7500.12638510386	9041.57336998534	10664.7976724756	8187.40717477117	14837.430693012	4411.62859808748	7253.75605887074	6700.10682082108	17576.561680983	9846.19258489572	10401.4063521849	9813.46060957345	10258.2896207843	7904.30490069608	7509.69624934603	5642.12945470031	8906.91871170428	9734.50076103107	10150.0413059852	5424.03004435432	8905.78452075399	11522.4537144274	14038.2759558092	11960.2632171661	4833.98804228239
"ENSG00000260814"	29.910113038806	29.0705742443031	26.1355474091037	47.2159950053803	27.4742969169357	41.5120737516334	29.5066958550824	28.5517101891054	27.5543169607532	27.4865919393702	38.3530023411227	33.8963284540283	35.9253143166733	34.7720694777047	20.3805530671364	27.1134757119661	32.446484292941	34.7256132780298	42.3075040650321	32.2049708491216	38.794134481944	27.0177134072956	37.689039848055	44.4373867749512	28.3009055455166	30.3477004290077	15.3088125437703	31.9585568926579	54.1269329567466	32.427981706915	33.1159895903505	49.466021769491
"ENSG00000139547"	53.6622616284461	54.265071922699	52.2710948182075	33.480432821997	35.9279267375313	22.4857066154681	43.8129726333041	31.814762782146	47.5938202049374	23.4145042446487	22.0529763461456	28.3996265425643	20.528751038099	39.3075568008836	44.8372167477	12.0504336497627	29.815688269189	40.151490352722	31.9656697380243	33.2113761881566	24.246334051215	15.9650124679474	15.2359948321924	45.363165666096	34.3653853052701	20.2318002860052	49.4592405260273	47.9378353389868	26.3320214384173	29.3878584218918	30.8055717119539	38.9413362866206
"ENSG00000204152"	197.05486237331	202.525000568645	254.821587238761	157.958965108909	189.149967235826	171.237304225488	210.123440180132	230.860970957624	215.42465987498	236.181086293847	179.300285944749	216.203608517586	190.917384654321	213.167904189407	244.566636805636	215.903602891582	210.463681900158	202.927802593487	180.512017344137	221.409174587711	175.381816303788	212.457473611916	202.077405142763	242.554069479942	207.203058458246	201.053515342176	235.520192981082	247.298356907472	182.861259989009	194.56789024149	200.2362161277	194.706681433103
"ENSG00000102032"	93.2491759445128	114.344258694259	167.703095875082	106.450606921221	135.258077129529	55.3494316688445	96.5673682529968	141.127024649007	152.801212236904	109.946367757481	108.347231613672	115.430740140745	191.943822206226	101.292550217661	138.587760856527	259.084323469898	76.2930846888073	56.4291215767985	137.264346522104	183.165771704379	80.0129023690094	169.474747736672	62.5477682584742	83.3201002030334	124.321835074948	106.216951501527	208.435370788258	101.963014848004	85.5790696748561	148.966040966141	180.21259451493	138.92584837389
"ENSG00000103707"	471.524134964706	404.080981995813	474.795777932051	383.737268498273	370.903008378631	500.739389629077	442.600437826235	520.456888589978	368.225872111884	351.21756366973	416.130075401181	471.800247400664	340.777267232444	423.312150163361	383.154397662164	276.155771140395	431.450547895324	403.685254357097	418.374206865318	450.869591887702	538.268615936972	378.247987702139	457.079844965773	551.76421912231	399.244917517109	428.661268559734	295.577842191258	502.966812048735	452.03303469283	361.774670917771	348.873099637878	279.956633844353
"ENSG00000104419"	3902.39004235716	2957.4464197871	3813.61195944505	5170.58068940738	6421.58855246993	2767.47158344222	3221.59470199581	2519.89236497562	6732.02062109312	4842.73029094755	4649.3427088026	3366.72992077173	2535.30075320523	4677.59925930514	5093.10021147738	8503.58934551588	3211.32501299324	4817.0936669117	3961.86271400101	3555.63006281083	3297.50143096524	8648.12444609889	4564.38329393891	2775.48511565216	4501.86547499039	3143.51596943805	8816.69842424681	4224.61685400087	2352.32724849861	5441.82068019168	5549.6237439085	5026.58978661892
"ENSG00000005801"	738.076024692889	565.907178622433	540.13464645481	547.705542062412	486.083714684246	731.650299872538	638.417601228146	702.372070651993	631.244352191801	567.03821148997	723.912919188691	539.592904308721	873.498356671113	503.439092872855	554.351043426109	381.597065575819	703.299470349695	743.345159232826	611.108392050464	540.439667061821	751.636355587664	561.231592142459	837.177821305732	766.544921867908	557.932137897327	555.110020347266	518.144424558381	802.768512422715	582.230251805004	603.971159291293	577.604469599136	577.805233009587
"ENSG00000205060"	1473.51292176471	715.136126409855	838.515479375411	841.303183732231	659.383126006456	1682.9686566808	1334.06030956918	1134.72653922987	985.693065823308	1147.31070798779	1605.07314797599	703.577844667398	1442.14476042646	914.656610174406	792.803514311605	657.752836716214	1085.64182580165	1304.380848756	994.696428906755	696.432494612254	1205.85101348042	704.916704353985	1395.29636884289	1310.90290986106	930.89764312217	1102.63311558728	723.046992451922	1206.81598170846	999.8853696199	912.036985506986	891.821301061066	868.286552336811
"ENSG00000286685"	1296.69137115294	1153.13277835735	1130.36242544374	1077.38315875913	658.326422278882	974.668898293558	926.331421389858	1092.30685552035	1107.18255424117	1101.49972142217	767.060046822454	1015.97373663561	844.758105217774	712.071509739083	797.898652578389	463.941695515864	1298.73630372556	707.534370539858	673.159398012511	1411.98669066617	1133.92022246182	932.111112551699	1300.67282199032	1146.11426723728	689.329199358654	676.500822063297	906.752742977166	1639.77833580185	1042.30918193735	697.201606698673	572.213494549544	648.320625744819
"ENSG00000139160"	355.402519637577	237.409689661808	252.643624954669	253.249427756131	272.629561714208	537.062454161757	491.778264251373	386.671732275313	331.9042724818	250.433393225373	370.106472591834	263.841691750274	316.142765986725	335.626061915236	326.088849074182	239.00026738696	320.080182889824	292.997362033377	318.716530623242	271.729441539463	355.61289941782	300.879081126701	416.985121723161	311.987486315803	312.320707627308	330.031242165459	214.323375612785	334.0430113304	267.708884623909	201.661511239878	269.548752479597	216.808520947131
"ENSG00000278311"	1279.09718701247	953.51483521314	936.52378215955	1070.51537766744	1121.16265495649	1734.85874887034	1487.85278493506	1281.5639059167	994.460348492639	1478.16783318391	1470.83763978206	1083.76639354366	1102.39393074592	1327.38595658368	1130.10166757271	1026.29526583812	1113.703650055	1349.95821618341	1199.65278193291	1185.54548938329	1278.59001563407	1188.77938992101	1567.70367878612	1364.59808554746	1150.22966109992	1175.97339162405	1199.97538323861	1257.03657111121	1171.04350896961	1003.24068405768	1109.77072092314	1025.10436603158
"ENSG00000289258"	358.041647258648	275.201436179402	733.973289738996	174.269945201677	249.38207970757	60.5384408877987	200.287874895104	156.62652446595	705.14002040473	301.334489409392	249.294515217298	275.751212558447	208.366823036705	329.578745484331	378.05925939538	230.966644953785	305.172338755229	266.953152074854	221.879354652169	433.760701124106	126.080937066318	727.022106232682	143.53910920855	270.327436214286	310.299214374057	155.531964698665	803.12385806549	718.306612063548	163.843688950152	249.290109371909	269.548752479597	208.388772560835
"ENSG00000162073"	285.025783075681	194.77284743683	261.355474091037	238.655392936286	219.794375335485	198.91202005991	268.242689591658	244.728944478046	335.661679340085	215.82064782024	262.718066036691	177.726695137338	188.864509550511	266.081922959827	347.488429794675	204.857372045966	263.079602375197	230.057187966948	214.358020596163	201.28106780701	164.875071548262	356.142585823442	276.653590374021	176.82376820866	259.761883042777	227.607753217558	406.272332892367	324.151077054101	123.61421175257	242.196488373522	338.861288831493	238.910360461159
"ENSG00000165716"	306.13880404425	234.502632237378	387.677286568372	254.107900392592	304.330673541441	235.235084592589	278.078254876685	323.042206711021	251.746259505063	300.316467485711	320.247569548375	410.420409389316	261.741575735762	278.176555821637	401.496895422586	337.412142193356	190.29424571806	181.224294294718	255.725357904194	431.747890446036	258.62756321296	243.159420665661	211.70013872099	258.292310629404	307.26697449418	371.759330255345	231.987390086366	263.277635353801	294.040906062326	332.386812495879	328.079338732309	176.814716112223
"ENSG00000259877"	59.820226077612	58.1411484886061	56.6270193863914	61.8100298252252	56.0052975614458	88.2131567222209	89.4142298638859	43.2354468577882	82.6629508822597	51.9191181076992	56.570678453156	49.4703172031764	69.7977535295367	55.9376769858728	98.8456823756114	73.3068047027231	67.523764609634	54.2587707469216	49.8288381210378	65.4163470372782	58.1912017229159	87.1935296326358	82.59512987978	37.0311556457926	64.6877841040379	58.1664258222648	128.35850517469	56.3079335727781	47.5439275971423	37.4948538486205	63.9215613023044	57.8857701557874
"ENSG00000157456"	36.0680774879719	102.716028996537	30.4914719772877	42.0651591866116	39.0980379202546	19.891202005991	38.448118841471	30.1832364856257	42.5839443938913	97.7301046733162	23.9706264632017	27.4835095573202	71.8506286333466	27.2129239390732	43.8181890943432	12.0504336497627	43.8466003958663	72.706752800875	24.4443356820186	42.269024239472	28.2873897264175	79.825062339737	48.113667891134	18.5155778228963	31.3331454253933	39.199113054135	88.3200723679058	76.0918021253759	25.6005763984612	22.2942374235041	16.9430644415747	48.413553221204
"ENSG00000159917"	1154.1784796151	1081.42536188807	1023.64227352323	1041.32730802775	1108.4822102256	1309.3599929161	1190.10339948832	1201.61911738721	1044.5591066031	912.147643617618	1024.02516250798	1080.10192560269	1199.90549817689	1006.87818574571	940.562524048343	1208.05597338871	1200.51991883882	983.168925934219	1115.03777380285	1149.31489717803	1270.50790428366	929.654956787399	1275.01219911505	1373.85587445891	953.134068907933	998.945139121504	1004.49362306432	1222.03434213354	1195.91264032812	1003.24068405768	969.605369633749	987.215498293246
"ENSG00000162909"	1893.13421351501	1954.51160835864	1875.22552660319	2595.162780023	1814.36030024533	1247.09188228865	1380.5557090984	1270.14322184106	1906.25774610302	2007.5392334977	1702.87330394585	2355.33676906235	2328.98680527233	2080.27685223138	2275.48874994578	2100.7922662753	1307.50562380473	1524.6714579885	2000.67485889752	1931.29184560826	1729.57182898667	2357.90953372762	1400.107735632	1675.65979297212	1707.15105237062	1656.47864841667	2607.20853630058	1669.45413863075	2348.67002329883	2031.8157288239	2529.90757684421	2043.89392077344
"ENSG00000104853"	753.031081212292	632.76949938433	1267.57404934153	666.174765894093	1444.51399559427	674.571198464042	636.629316630868	643.637123977261	1531.76952922733	858.192481662558	656.795165091726	1343.94361735296	712.347661022036	1557.18398095808	1817.94533358856	1329.56451269048	731.361294603049	1060.21638039485	1334.09662818401	1438.15322948108	696.67799840491	1404.92109717937	667.97808922191	688.779495011743	1557.56055163004	1727.28994941769	1119.89851762505	894.078674973166	743.148160595332	1222.12956057936	1306.15624058685	612.536695103059
"ENSG00000160294"	1327.48119339877	1133.75239552782	1557.24303312576	1334.92494969757	1380.05506821223	1222.87650593353	1253.58750269168	1175.51469664288	1781.01085082687	1449.66321932086	1318.38445547609	1550.98605601811	1378.50563220835	1697.78408797662	1715.02354059953	1583.62782213965	1324.16733195516	1419.40944273947	1552.21531580818	1723.97234576704	1296.37066060496	1526.5008075122	1309.4936611037	1379.41054780578	1470.63634174024	1451.63167052087	1798.19667341056	1498.24758384865	1419.73482255466	1561.60999407363	1555.68137145367	1238.75548133385
"ENSG00000088827"	29.0304038317823	128.87954581641	87.1184913636791	45.4990497324574	61.288816199318	25.0802112249452	61.6958186060813	93.8127620499177	75.1481371656906	36.6487892524936	23.0118014046736	59.5476040408605	115.987443365259	51.4021896626939	54.0084656279114	40.1681121658757	27.1848922454371	49.9180690871679	54.5296719060414	129.826288735521	25.0545451862555	41.7546479930932	32.8776730589416	26.8475878431997	78.8382368767962	65.7533509295167	117.760096490541	63.9171137853157	35.8408069578457	16.2139908534575	70.0826756446952	124.191288697871
"ENSG00000163950"	474.163262585778	349.815910073113	426.880607682028	443.830353050575	475.516677408502	575.115188434087	519.496675509177	509.036204514336	646.273979624939	664.768316163286	511.05375619546	454.394024681028	460.870460805323	920.703926605311	995.590017329611	895.748901299027	466.527828212017	502.436217116494	711.706235049541	612.900851472345	425.119057031302	734.390573525581	458.683633895477	517.510400149952	514.470032952426	673.971847027547	694.784569294193	389.590026881924	415.460782695028	503.647090885524	579.144748184734	359.944243514169
"ENSG00000125999"	34.3086590739245	174.423445465818	47.9151702500235	85.8472636461461	65.5156311096158	38.0527342723306	76.002095384303	102.786156680779	45.0888822994144	32.5767015577721	38.3530023411227	70.5410078637886	50.2954400433426	78.6151136017671	60.1226315480523	61.2563710529604	50.8620564592049	51.0032445021063	63.9313394760486	50.3202669517524	36.3695010768225	38.0704143466438	58.538295934213	49.9920601218201	42.4513583182749	75.8692510725193	18.8416154384866	40.3286551264492	67.2929436759552	60.8024657004657	53.1396112031205	110.50919757014
"ENSG00000168913"	429.298093027568	458.346053918512	507.465212193431	509.932746058108	637.192347727393	916.724962015237	492.672406550012	360.567311530988	561.106090837157	217.856691667601	559.953834180392	573.489232762749	904.291483228262	789.174794233124	695.995887242707	483.021548794655	370.942239349028	292.997362033377	516.151549593392	792.041001820583	481.693836484137	778.601377282974	483.542362305897	295.323466275196	601.394242842227	561.432457936643	407.449933857272	406.330223349507	251.617093744876	300.972205217305	345.022403173884	383.098551576484
"ENSG00000144895"	597.322551569096	428.306460532732	420.346720829752	497.914129147647	408.944342571312	996.289770039201	654.512162603645	703.187833800253	457.151167757951	681.056666942172	731.583519656916	377.440197920531	508.086588192951	583.566035582348	496.266467184771	552.31154228079	527.91306876623	639.168319398736	521.792550135396	391.491676884634	609.391195820536	477.722296156272	680.808400659546	686.927937229454	482.126140900407	560.167970418768	485.171597541029	564.601171770289	543.463664687334	417.510264476531	451.301625580125	507.289840274355
"ENSG00000173890"	81.8129562532046	219.967345115226	89.2964536477711	133.063258651526	85.5930019335304	60.5384408877987	136.803771691745	123.995998535543	88.9252956460672	111.982411604841	70.953054331077	141.998132712821	119.066756020974	61.9849934167779	63.1797145081227	51.2143430114915	79.8008127204766	90.0695594398899	116.580677868089	103.65974992061	102.642814150143	79.825062339737	87.4064966688934	103.687235808219	114.214368808692	68.2823259652674	77.7216636837571	77.6136381678834	103.133750633801	87.1502008373342	83.1750436222756	192.601744336529
"ENSG00000092200"	40.4666235230905	264.542225623158	26.1355474091037	66.9608656439939	27.4742969169357	26.8098809645965	45.6012572305818	72.6029201951537	20.0395032441842	47.8470304129777	35.4765271655385	32.9802114687843	89.3000670157307	27.2129239390732	33.627912560775	24.1008672995254	36.8311443325276	42.3218411825989	18.8033351400143	39.2498082223669	34.7530788067415	29.4738691715952	36.8871453832027	50.9178390129649	27.290158918891	26.5542378753818	61.2352501750814	29.6758028288966	46.8124825571862	34.4547305635972	22.3340394911666	264.169605620048
"ENSG00000286159"	38.7072051090431	54.265071922699	100.186265068231	72.1117014627627	114.12400257804	26.8098809645965	72.4255261897476	45.6827363025686	117.732081559582	48.8650523366581	28.764751755842	88.8633475686688	43.1103771800079	107.339866648567	126.359429016245	138.579986972271	33.3234163008584	49.9180690871679	116.580677868089	98.6277232254348	29.095600861458	159.650124679474	43.3023011020206	40.7342712103719	98.0424227826824	85.9851512155219	156.62092833242	53.2642614877631	48.2753726370983	91.2036985506986	138.625072703793	46.3086161246299
"ENSG00000114473"	792.617995528359	969.019141476769	784.066422273112	695.362835533783	1091.57495058441	1675.18514285237	1186.52683029377	1264.43287980324	949.371466193224	869.390722823042	1214.83134915506	803.434596058995	1251.22737577213	1079.44598291657	1153.53930359992	691.895732057208	706.807198381364	859.458928631238	1044.52526702779	836.322836738125	893.881515354792	1053.69082288453	858.828971856742	747.103565153867	990.53169409308	872.496387333972	1022.1576375379	697.000907468443	710.23313379731	742.803455974023	877.188654497888	1124.03640957056
"ENSG00000233033"	40.4666235230905	31.0086125272566	30.4914719772877	35.1973780949199	25.3608894617868	57.0791014084959	53.6485379183316	42.419683709528	47.5938202049374	32.5767015577721	46.0236028093472	31.1479774982963	102.643755190495	43.8430441240624	48.9133273611273	36.1513009492881	40.3388723641969	43.4070165975373	48.8886713640371	30.1921601710515	41.2187678870655	44.2108037573928	54.5288236099519	48.1405023395304	26.2794122922654	34.1411629826337	32.9728270173515	47.9378353389868	35.1093619178897	27.3611095652096	33.1159895903505	63.1481128972226
"ENSG00000138750"	823.407817774189	525.208374680409	655.566647511685	609.515571887637	545.259123428416	1101.79962415794	953.155690349024	1053.96598755212	652.536324388747	595.542825353021	844.724876563228	509.361043795669	682.580972016792	637.991883460495	647.08255988158	608.546899313016	858.516435751061	806.285333299255	624.270726648474	548.490909774101	829.224624551552	571.056215199657	896.518011704797	828.57210757461	635.759628147497	633.508246455536	772.50623297795	725.915792276086	795.08075843221	628.292145571479	587.616280405521	597.80213542704
"ENSG00000158850"	86.2115022883232	90.1187801573395	104.542189636415	97.8658805566065	114.12400257804	77.8351382843126	82.2610914747751	89.7339463086169	144.033929567574	89.5859292838732	112.182531847784	128.256377934161	84.167879256206	148.159252557176	131.45456728303	123.516944910068	92.9547928392364	97.6657873444589	141.965180307108	118.755830006136	88.0950137194144	117.895476686381	84.1989188094845	85.1716579853231	156.665727126967	126.448751787532	123.648101315068	70.0044579553458	92.8935200744164	139.845671111071	142.475769167787	103.14191773213
"ENSG00000197061"	341.327172325198	178.299522031725	381.143399716096	178.562308383984	800.981425501432	915.860127145411	832.446480032778	584.08641415427	757.743716420714	259.595590538496	730.624694598388	301.402488145279	424.94514648865	852.671616757628	699.052970202777	531.223283393706	247.294826232686	450.347797199449	765.295740198581	279.780684251744	621.514362846144	493.68730862422	445.853322457842	359.202209764189	927.865403242293	421.074343452482	692.429367364382	198.599603547231	265.514549504041	493.513346602113	777.840685726836	257.854794330326
"ENSG00000286924"	724.00067738051	990.337562589257	631.609062386673	679.910328077477	531.521974969948	785.270061801731	846.752756811	801.079411591471	582.398063034102	840.886108959991	553.242058770695	632.120719818366	871.445481567303	657.645661860936	613.454647320805	475.992129165627	705.930266373447	521.969374585386	550.937719602418	658.189091728922	756.485622397907	487.546919213471	847.602449348811	760.064469629894	630.705895014369	636.037221491287	607.642097891192	892.556838930659	719.010474276782	543.168693590827	485.957893756073	878.811237819681
"ENSG00000160796"	265.672180521159	375.979426892986	520.532985897983	349.398363039814	553.712753249011	95.9966705506521	200.287874895104	255.333865405428	472.180795191089	215.82064782024	224.365063695568	582.650402615189	211.44613569242	449.013244994708	455.505361050498	466.954303928305	192.925041741811	227.886837137071	405.211872267308	505.215480195594	206.902050570368	464.213439452625	226.936133553182	183.304220446674	497.287340299791	381.875230398347	514.611621663665	288.387930055174	322.567262620611	476.285981320315	616.881573531877	370.468928997039
"ENSG00000129187"	464.486461308517	470.94330275771	437.770419102487	367.426288405505	467.063047587906	598.465729919381	606.228478477147	509.851967662596	552.338808167826	404.15470370111	557.077359004807	425.994398138464	462.923335909133	517.045554842391	526.837296785475	333.395330976768	396.373267578631	487.243761307356	455.040710388346	479.048941380683	496.241636914866	509.652321092167	495.57077927868	422.155174362036	502.341073432919	507.059494668004	400.38432806784	441.33245232718	428.626793414237	440.817876328376	452.841904165723	427.30223060454
"ENSG00000072133"	1358.2710156446	1073.67320875626	892.964536477711	855.038745915615	850.646500697431	2053.1179809662	1700.65865201111	1418.61211482441	735.199275271006	1564.69969669674	1364.40805828544	870.311135981808	878.630544430638	1025.02013503842	610.397564360734	1105.62728736573	1512.70771365739	1647.29627987654	940.166757000714	849.406106145581	1706.94191720553	521.933099913665	1655.11017545501	1802.49150105896	946.058842521554	1288.51278071495	370.944303945204	1268.45034143002	1465.08441503194	1222.12956057936	965.754673169755	987.215498293246
"ENSG00000129159"	2978.69537498227	1689.96938273548	2511.19051355805	2464.67493928085	1987.65971156754	1945.01362223799	1957.27749172046	1987.19902916174	1848.64417427599	2610.20821231649	2034.62677419656	2731.86084999763	1504.75745109266	1995.6144221987	1828.13561012213	3170.26825269174	2343.16232515509	2836.64853464906	2039.22169593455	2323.78992783193	2578.19352077919	1337.37681366113	1903.6974595592	2422.76335812598	1948.71949613414	2425.28705928487	891.443930433396	2380.15157048176	3134.24199621161	3019.85579645646	2666.99237096241	1599.75219339631
"ENSG00000183742"	36.0680774879719	295.550838150414	23.9575851250117	68.6778109169168	34.8712230099568	37.1878994025049	44.707114931943	57.1034203782108	23.7969101024687	48.8650523366581	36.4353522240666	19.2384566901242	68.7713159776317	27.2129239390732	26.4947189872773	24.1008672995254	48.2312604354529	26.0442099585224	27.2648359530207	33.2113761881566	32.32844540162	17.1930903500972	36.8871453832027	46.2889445572408	15.1611993993839	20.2318002860052	40.038432806784	35.0022289776729	43.8867023973621	25.3343607085274	23.1041787839654	174.709779015649
"ENSG00000131669"	157.467948057243	263.573206481681	294.024908352417	236.079975026902	445.928973036417	119.347212035946	163.628040650911	154.179235021169	314.369707143139	197.496253193993	211.900337934703	380.188548876263	225.816261419089	279.688384929364	437.162863290075	326.36591134774	122.770481108426	189.905697614226	329.998531707251	323.056113830251	150.327271117533	300.879081126701	184.435726916014	164.788642623777	350.72907943908	271.864816343194	369.766702980299	138.487079868184	235.525302865843	389.135780482981	477.486361535286	294.691193520372
"ENSG00000177954"	1028.38006301071	1227.74725225107	1062.84559463688	727.126323082857	2079.59293586651	2850.49573094549	1766.82518211039	1786.52129468974	1390.24053756528	1495.47420588647	1878.33828965648	1150.64293346647	1462.67351146455	1484.61618378722	2150.14834858289	1155.83742757307	997.948625009916	1269.65523547797	1628.36882312524	1101.00744090434	1205.04280234538	1821.23949922815	1236.52126480214	796.169846384542	1616.18385597432	1370.70446937685	2218.60021788179	485.465697559898	800.932318751858	921.157355362056	1382.40003057393	1433.46216276695
"ENSG00000157450"	2737.65505225777	2438.05215995555	2424.07202219437	2613.19070538869	2496.99090825842	3257.83295463339	2543.83483962755	2667.5454948107	2563.80394630281	2837.22710129721	2740.32201727322	2566.95979265371	2448.05356129331	2582.2041159965	2376.3724876281	2432.17919164377	3062.2465716473	3088.40923091478	2667.25308961103	2571.36564123455	2912.79293068596	2409.48880477791	2631.81763364503	3148.57400878352	2580.43613777514	2584.61248653716	2520.06606489758	2885.40113659425	3000.38755389966	2620.58627169007	2651.58958510643	2646.95839894191
"ENSG00000257337"	1794.60678232836	1531.05024353329	1831.66628092135	1493.74238744294	1654.79803738159	3306.26370734363	2497.33944009833	2138.11521158986	2042.77686195402	1718.42100717248	2998.24595801727	1637.10105263104	2020.02910214894	2654.77191316737	3091.72990028459	1653.92201842993	1546.90806196616	1836.11680207583	2239.4772151757	1818.57444763633	1592.98414716482	2241.24213492339	2523.56188088998	1771.94079765118	2084.15954410197	2166.06711812043	2938.114407439	1481.50738738107	1484.83343111075	1545.39600322017	1819.06900959088	1979.69333932793
"ENSG00000163932"	114.362196913082	267.449283047588	196.016605568278	188.00550738506	259.949116983314	121.076881775597	180.61674432505	244.728944478046	363.215996300838	142.523069315253	142.864933720682	308.731424027231	180.653009135271	232.821682589849	217.052890165002	121.508539301774	117.508889060922	292.997362033377	226.580188437172	300.91519637148	108.300292095427	240.703264901361	145.944792603106	168.491758188357	323.438920520189	295.890079182825	189.593755349771	155.227276335767	144.826117911295	284.758214363848	287.26195621397	277.851696747779
"ENSG00000165915"	273.589563384373	250.006938501006	418.16875854566	254.107900392592	353.99574873744	197.182350320258	224.429716958354	213.72994484416	407.052409647491	210.730538201838	253.12981545141	366.446794097603	317.16920353863	370.398131392941	461.619526970639	372.559240338497	189.417313710142	222.460960062379	302.73369575423	417.658215699545	223.066273271178	413.862246284483	172.40730994323	206.448692725294	346.686092932578	427.396781041859	406.272332892367	240.450094716188	185.787040148833	341.507182350949	379.678671349832	258.907262878613
"ENSG00000258028"	435.456057476734	1254.87978821242	296.202870636509	540.83776097072	611.831458265606	787.864566411208	674.1832931737	482.116020621751	309.359831332093	478.470304129777	456.40072785936	454.394024681028	147.807007474313	343.185207453868	252.718858032491	475.992129165627	723.468906531793	424.303587240927	410.852872809312	327.081735186391	654.651019382804	337.721417591195	591.798115060948	729.513766222115	496.276593673166	466.595894095994	176.640144735812	439.810616284673	653.180420680739	464.125488180222	409.714103768987	627.271254779078
"ENSG00000272031"	64.2187721127305	33.9156699516869	82.7625667954951	46.3575223689189	77.1393721129348	63.1329454972757	42.9188303346653	45.6827363025686	107.71232993749	54.9731838787404	42.188302575235	95.2761664653769	34.8988767647683	92.2215755713037	89.6744334954	71.2983990944293	64.0160365779647	82.4733315353208	114.700344354087	80.5124271228039	71.9307910186044	50.3511931681418	56.9345070045086	64.8045223801371	107.139142422313	147.945039591413	34.1504279822569	60.8734417003007	64.3671635161311	147.9526665378	110.129918870235	34.7314620934724
"ENSG00000198646"	1424.24920617138	1367.28600862372	2280.3265114443	1475.71446207725	1868.25219035163	908.941448186805	978.191674710912	1025.41427736301	2160.5089435136	1667.51991098846	1054.70756438087	2056.6826318728	1418.53669673264	1985.03161844462	2820.66854449167	2231.33863081439	1845.94187666597	1750.38794429569	1618.02698879823	2283.53371427053	1269.69969314862	2990.36964303476	1204.44548620805	1529.38672817124	1539.36711235078	2023.18002860051	2789.73668586092	2124.48311534049	1424.85493783436	1747.05751446005	1635.00571861195	1553.44357727168
"ENSG00000287226"	64.2187721127305	539.74366180256	17.4236982727358	111.60144273999	26.4175931893612	32.8637250533764	44.707114931943	75.0502096399342	26.3018480079917	76.3516442760283	49.8589030434595	22.9029246311002	140.621944610978	25.7010948313469	22.41860837385	25.1050701036723	87.6932007917325	29.2997362033377	23.5041689250179	16.1024854245608	57.3829905878754	34.3861807001944	47.3117734262818	55.546733468689	18.1934392792607	20.2318002860052	17.6640144735812	63.156195764062	69.4872787958233	23.3076118518452	13.8625072703793	312.583158841252
"ENSG00000145934"	25538.8379891052	23345.6091564583	24012.0341821141	20235.0585140331	17516.9776920016	29310.1185732626	21231.4088811797	26787.2144994187	13727.0597222662	13620.1153169198	22166.1177030519	24224.8814408073	19663.4641818431	13657.8641591993	10677.3717518727	17193.9604126031	37253.8255603438	24426.2134148492	17930.8603895176	21743.3873498522	27829.1340128495	13889.5608471142	22815.5013139757	27271.594575344	19739.8816179978	21034.749859856	6691.12868259254	15415.4381925799	32548.5728330036	27148.3009352579	20136.0619495187	17787.7709345993
"ENSG00000229956"	3443.18183629078	2836.3190271025	2230.23337891018	2050.03265586997	2018.3041196672	5005.66422655112	3986.98050963067	3697.03858791502	2259.45399078176	2420.85613451194	3594.63514442173	2288.46022913953	2144.22804592944	2347.87060429893	1787.37450398786	2054.59893728454	4106.67259307683	2852.92616587314	2673.83425691003	1937.33027764247	3963.46740623861	1796.67794158516	4291.73917588915	4130.82541228817	2274.17990990758	2755.31830145033	1368.37232122009	3234.66250834973	3322.95481652027	2613.49265069168	2301.17620688296	1744.99285305992
"ENSG00000247970"	96.7680127726076	213.184211124889	187.30475643191	144.223402925525	205.000523149443	83.8889823730924	96.5673682529968	117.469893349462	150.296274331381	140.487025467892	95.8825058528068	241.854884104418	137.542631955263	145.135594341724	130.435539629673	129.542161734949	119.262753076756	70.5364019709981	151.366847877115	244.556497385517	124.464514796237	234.562875490612	58.538295934213	115.722361393102	214.278284844625	171.970302431044	203.724966928636	123.268719443109	165.306579030064	184.434145958079	200.2362161277	223.123332236853
"ENSG00000272602"	780.302066630027	670.561245901924	683.880157204881	779.493153907006	589.640679986542	719.542611694978	869.106314276971	637.11101879118	602.437566278286	620.99337344503	592.553886170346	616.546731069218	625.100469110115	601.707984875064	530.913407398902	712.983990944293	798.008127204766	631.572091494168	575.382055284437	687.374846560938	859.12843654805	556.31928061386	846.800554883958	823.017434227742	575.114830549962	713.170960081682	750.131814644747	897.883265079435	819.218444750759	652.613131851665	610.720459189486	709.363801545467
"ENSG00000153896"	75.6549918040387	108.530143845398	87.1184913636791	83.2718457367617	106.727076485019	83.0241475032667	76.002095384303	79.1290253812349	87.6728266933057	50.9010961840189	78.6236547993016	66.8765399228126	102.643755190495	74.0796262785882	96.8076270688977	79.3320215276044	79.8008127204766	78.1326298755671	78.97400758806	74.4739950885936	80.0129023690094	85.965451750486	72.170501836701	49.0662812306753	79.8489835034218	46.7860381613869	127.180904209784	112.615867145556	52.6640428768345	49.6553469887137	69.3125363518963	128.401162891019
"ENSG00000180481"	209.370791271642	183.144617739109	174.236982727358	194.873288476752	225.077893973358	232.640579983112	111.767787329857	125.627524832064	177.850591292134	161.86548586518	99.717806086919	107.185687273549	333.592204369109	175.37217649625	140.625816163241	174.731287921559	128.032073155929	148.669031846565	48.8886713640371	121.775046023241	227.915540081421	294.738691715952	162.784576365003	266.624320649707	159.697967006844	169.441327395293	249.651404559947	222.948980227351	178.472589749273	158.086410821211	134.774376239798	224.17580078514
"ENSG00000157379"	57.1810984565409	53.2960527812223	84.9405290795871	56.6591940064564	85.5930019335304	45.8362481007618	63.484103203359	60.3664729712514	83.9154198350212	55.9912058024207	63.2824538628525	77.8699437457407	51.3218775952475	87.6860882481248	85.5983228819727	76.3194131151638	57.8775125225435	52.0884199170448	73.3330070460557	70.4483737324534	57.3829905878754	74.9127508111378	48.113667891134	49.9920601218201	104.106902542436	88.5141262512725	91.8528752626221	62.3952777428082	68.7558337558673	80.0565798389465	72.3930935230917	57.8857701557874
"ENSG00000243176"	474.163262585778	797.502753435381	289.668983784233	406.057557046271	457.552714039736	307.016378788122	294.172816252185	333.647127638403	404.547471741968	375.650089838059	379.694723177115	371.943496009067	565.567091099628	312.948625299342	288.38482589998	212.890994479141	550.71330097208	276.7197308093	265.127025474201	352.241868662267	401.680934115128	426.143025105981	332.786202913677	408.268490994864	348.707586185829	284.509691521947	412.160337716894	511.336910282526	452.03303469283	351.64092663436	296.503627727556	560.965736236994
"ENSG00000136011"	185.618642682002	614.358135696271	76.2286799432192	299.60695012505	203.943819421869	80.4296428937896	149.32176387269	182.730945210274	117.732081559582	239.235152064889	169.712035359468	163.068823373433	202.208197725275	101.292550217661	44.8372167477	170.714476704972	205.202089852654	172.542890975211	78.97400758806	154.986422211397	127.697359336399	116.667398804231	156.369420646185	129.609044760274	145.547514234085	107.481439019402	77.7216636837571	139.247997889438	195.295825668261	183.420771529738	214.868862690879	427.30223060454
"ENSG00000103512"	1914.24723448358	1089.17751501989	1415.67548465979	1335.78342233403	1356.80758620559	1876.69166752176	1916.14694598308	1505.08300853998	1842.38182951218	1749.97968680657	2062.43270089387	1311.87952286942	1435.98613511503	1992.59076398325	1395.04885744548	1870.82982412566	1516.21544168905	2067.25916545771	2064.60619837357	1282.16040193065	1597.83341397507	1404.92109717937	1926.95239903992	1699.73004414188	1800.13974202018	1929.60795227774	1556.78847560495	1712.06554782096	1816.17803421084	1604.17172006395	1742.82521960379	1193.49933375751
"ENSG00000154978"	1771.73434294574	2218.08481484032	1833.84424320544	2073.21141705443	2341.65546030498	1629.34889475161	1734.63605935939	1680.47208541592	2096.63302692277	1922.02539190855	1998.19142197249	2395.64591641308	3267.15072771346	2034.92197899959	2062.5119703942	2136.94356722459	1974.85088182982	3336.91440093568	2353.23739277279	2543.18629174157	1886.36478918452	2456.1557642996	1772.98866178829	1861.74135009223	2238.80377797569	2491.04041021438	2417.61478095081	1863.48823405045	2095.59003947404	2092.61819452436	2529.90757684421	2719.57872877372
"ENSG00000006016"	833.084619051449	857.58194020694	1230.54869051197	871.349726008383	1426.55003222551	1542.86540776904	1129.30172318088	1060.4920927382	1182.33069140687	1020.05796752774	1196.61367304303	1133.23671074684	827.30866683539	1339.48058944549	1620.25396883734	1088.55583969523	876.055075909408	1107.96409865214	1456.31830659411	1287.19242862583	977.935473399004	1310.35910025384	1064.91584932377	854.493916526665	1412.01303739595	1480.714883432	1265.92103727332	730.481300403608	885.779943386758	1150.17997616714	1255.32704726212	735.675515252643
"ENSG00000238039"	150.430274401054	149.228947787422	250.465662670577	139.931039743218	185.979856053103	166.913129876359	156.4749022618	184.362471506795	170.335777575565	170.009661254623	148.61788407185	206.126321679902	92.3793796714456	219.215220620312	201.76747536465	141.592595384712	166.617081504292	206.183328838302	201.195685998153	217.38355323157	160.025804738019	163.334358325923	165.19025975956	150.901959256605	190.020365805611	240.252628396311	105.984086841487	127.834227570631	172.621029429624	188.487643671444	171.741062294143	89.4598266043987
"ENSG00000129226"	29.0304038317823	81.3976078840486	76.2286799432192	58.3761392793793	124.691039853785	40.6472388818077	60.8016763074424	69.3398676021131	110.217267843013	59.0452715734619	46.9824278678753	68.7087738933006	71.8506286333466	74.0796262785882	101.902765335682	129.542161734949	33.3234163008584	72.706752800875	140.084846793106	72.4611844105235	45.2598235622679	83.5092959861864	49.7174568208385	28.6991456254893	167.783940019848	73.3402760367687	121.292899385257	36.5240650201804	38.0351420777138	105.390940547474	136.314654825396	69.4629241869449
"ENSG00000249476"	96.7680127726076	305.241029565182	132.855699329611	173.411472565215	48.6083714684246	76.1054685446612	90.3083721625248	98.7073409394786	30.0592548662762	132.342850078449	95.8825058528068	120.927442052209	123.172506228594	55.9376769858728	82.5412399219023	63.2647766612542	78.0469487046419	75.9622790456902	42.3075040650321	84.5380484789441	45.2598235622679	84.7373738683363	141.935320278845	65.7303012712819	71.763010490417	137.82913944841	38.8608318418786	167.401964675827	116.29976135301	98.2973195490862	39.2771039327412	237.857891912872
"ENSG00000101773"	699.368819583846	816.883136264916	429.058569966119	579.469029611486	440.645454398545	773.162373624171	631.264462839035	629.769150456839	511.007332726696	750.282157752438	736.377644949556	452.56179071054	536.826839646289	514.021896626939	519.704103211977	510.135024506621	645.421957827151	806.285333299255	488.886713640371	523.330776298225	703.143687485234	390.528766523637	572.552647904495	652.674118257095	475.050914514028	503.266032114378	396.851525173124	525.794352686347	653.180420680739	475.272606891974	480.566918706481	734.623046704356
"ENSG00000253270"	78.2941194251098	111.437201269828	87.1184913636791	127.912422832758	94.0466317541259	51.025257319716	53.6485379183316	75.8659727881943	62.6234476380755	83.4777977417909	98.758981028391	135.585313816113	90.3265045676357	58.9613352013253	44.8372167477	76.3194131151638	68.4006966175513	54.2587707469216	80.8543411020614	96.6149125473647	79.2046912339689	58.9477383431904	52.9250346802474	147.198843692026	88.9457031430521	89.7786137691479	50.6368414909327	95.8756706779736	96.5507452741966	128.698552399319	69.3125363518963	109.456729021852
"ENSG00000110321"	5213.15676082248	2520.41878698108	2905.4016869787	3690.57386414782	4054.57220270316	6100.54517175045	4416.16881297733	3402.5480913931	4528.92773318562	4578.04459079066	5956.22126357636	2858.28499396131	4815.01855598612	4462.91952600801	4716.05997973536	3797.89500528354	4233.82773422485	5639.65663143503	4998.8666469728	3050.41458261523	4497.69496650038	4198.79827907017	5106.46395217902	4285.43048710935	4424.03798474022	4380.18476192011	3647.03018831206	4417.12911337807	3727.44392361595	3923.78578653672	4485.29124126049	4010.95763752192
"ENSG00000243410"	89.730339116418	56.2031102056526	69.6947930909433	72.9701740992242	73.9692609302114	103.780184379083	93.8849413570802	78.3132622329748	70.1382613546446	85.5138415891517	91.0883805601664	65.9604229375686	76.9828163928713	71.0559680631357	63.1797145081227	86.3614411566327	76.2930846888073	107.432366078905	75.2133405600571	58.3715096640328	87.2868025843739	72.4565950468382	109.859541684756	91.6521102233368	80.8597301300473	84.7206636976466	69.4784569294192	76.0918021253759	98.0136353541087	65.8693378421712	87.0257400862698	64.2005814455096
"ENSG00000226017"	392.350306332573	288.767704160077	313.626568909245	367.426288405505	274.742969169357	343.339443320801	253.936412813436	339.357469676224	242.978976835733	785.912925081251	399.830049406204	407.672058433584	330.512891713394	201.073271327597	180.367894644157	491.05517122783	432.327479903241	551.269110788723	297.092695212226	268.710225522358	406.530200925371	216.141707258365	323.965363800302	420.303616579746	280.987562201915	254.16199109294	155.443327367514	286.866094012667	462.273265252214	355.694424347724	320.377945804321	349.419558031298
"ENSG00000104369"	1406.65502203091	1051.38576850229	1095.51502889826	1017.29007420683	960.543688365174	1635.40273884039	1245.54022200393	1395.77074667312	968.158500484647	1622.72694634652	1234.00785032562	1170.79750714184	281.243889221956	1073.39866648567	629.759089774514	1101.61047614914	1550.41578999783	1309.80672583069	1055.8072681118	1048.67436327452	1701.28443926025	711.057093764735	1490.7218101603	1642.3317528909	997.606920479459	1117.80696580178	369.766702980299	1058.43696756398	1366.33933463787	1446.08530924274	977.306762561738	625.166317682504
"ENSG00000235954"	1382.02316423424	1327.55622382317	1552.88710855758	1447.38486507402	1568.14833172048	1341.35888309965	1213.35109925293	1416.16482537963	1323.85968306892	1293.90586499776	1221.54312456476	1584.88238447213	1375.42631955263	1351.5752223073	1133.15875053278	1629.8211511304	1938.01973749729	1297.86979626636	1318.113793315	1489.47990177187	1567.12139084353	1302.99063296094	1190.81328030557	1719.17140085592	1341.26077353216	1258.16508028595	1474.35640806157	1705.21728562967	1693.29526749822	1581.87748264045	1359.29585178997	1293.48384584478
"ENSG00000126062"	91.4897575304654	83.3356461670021	124.143850193243	113.318388012913	143.711706950125	100.320844899781	91.2025144611636	92.9969989016575	117.732081559582	93.6580169785947	92.0472056186945	126.424143963673	84.167879256206	139.088277910819	162.025396883734	118.495930889333	78.0469487046419	123.709997302981	140.084846793106	124.794262040346	96.1771250698194	124.03586609713	91.4159689931546	72.2107535092956	142.515274354208	156.79645221654	115.40489456073	94.3538346354661	97.2821903141526	131.738675684342	146.326465631781	88.4073580561116
"ENSG00000204963"	256.875088450922	185.082656022063	230.86400211375	206.033432750751	220.85107906306	294.908690610562	226.218001555631	222.703339475022	201.647501394603	203.604384736075	230.118014046736	248.267703001126	218.631198555755	216.19156240486	199.729420057936	262.096931882339	289.387562612717	215.949907572748	209.657186811159	228.454011960956	286.914952939377	182.98360444032	232.549394807148	296.249245166341	231.460977497261	266.806866271693	134.246509999217	267.843143481323	283.800675502942	257.397104798638	242.593877231637	182.077058853658
"ENSG00000160679"	775.023811387885	610.482059130364	834.159554807227	777.776208634083	667.836755827052	772.297538754346	703.689989028782	734.186833434139	979.430721059501	749.264135828757	831.301325743835	700.829493711666	792.409790070622	836.041496572639	867.192533006653	859.597600349739	736.622886650553	847.521999066916	801.962243721609	753.797598937251	720.924332456125	885.444153030006	898.121800634501	761.916027412184	803.543568167345	692.939159795676	1065.7288732394	865.163790165524	636.35718476175	786.37855639269	831.750436222756	780.931662828986
"ENSG00000118194"	106.444814049868	122.096411826073	204.728454704646	136.497149197372	158.505559136167	86.4834869825695	91.2025144611636	137.863972055966	144.033929567574	104.856258139079	118.89430725748	222.616427414294	6.1586253114297	93.73340467903	117.188180136034	82.3446299400451	75.4161526808899	84.6436823651977	137.264346522104	190.210609077624	134.163048416723	179.299370793871	93.0197579228591	121.277034739971	147.569007487336	182.086202574046	47.1040385962164	76.0918021253759	127.27143695235	206.728383381583	163.269530073356	35.7839306417595
